  4.0200000e+002  1.7919533e+002  1.6882229e+000  9.4211322e+003
  4.0400000e+002  1.9297301e+002  1.7572488e+000  9.1061895e+003
  4.0600000e+002  1.9240173e+002  1.9450248e+000  1.0109186e+004
  4.0800000e+002  1.8913164e+002  1.9748758e+000  1.0441806e+004
  4.1000000e+002  1.9407613e+002  1.8982617e+000  9.7810158e+003
  4.1200000e+002  1.9629838e+002  1.8856879e+000  9.6062326e+003
  4.1400000e+002  1.9496867e+002  1.8777760e+000  9.6311679e+003
  4.1600000e+002  1.9763299e+002  1.8165195e+000  9.1913779e+003
  4.1800000e+002  1.9934056e+002  1.8171886e+000  9.1160003e+003
  4.2000000e+002  1.9515147e+002  1.9090681e+000  9.7824941e+003
  4.2200000e+002  1.9159660e+002  1.9235226e+000  1.0039440e+004
  4.2400000e+002  1.9249122e+002  1.8127144e+000  9.4171277e+003
  4.2600000e+002  1.9386861e+002  1.7707500e+000  9.1337633e+003
  4.2800000e+002  1.9351634e+002  1.8737780e+000  9.6827896e+003
  4.3000000e+002  1.9236676e+002  1.9732496e+000  1.0257747e+004
  4.3200000e+002  1.9161740e+002  1.9895691e+000  1.0383029e+004
  4.3400000e+002  1.9085200e+002  1.9870241e+000  1.0411335e+004
  4.3600000e+002  1.8847140e+002  2.0191108e+000  1.0713089e+004
  4.3800000e+002  1.8625975e+002  2.0480177e+000  1.0995493e+004
  4.4000000e+002  1.8683677e+002  2.0216493e+000  1.0820404e+004
  4.4200000e+002  1.8936461e+002  1.9695363e+000  1.0400762e+004
  4.4400000e+002  1.9287542e+002  1.9200175e+000  9.9547029e+003
  4.4600000e+002  1.9635533e+002  1.8749984e+000  9.5490069e+003
  4.4800000e+002  1.9730664e+002  1.8971079e+000  9.6150231e+003
  4.5000000e+002  1.9566569e+002  1.9723108e+000  1.0080003e+004
  4.5200000e+002  1.9511448e+002  1.9604587e+000  1.0047736e+004
  4.5400000e+002  1.9702933e+002  1.8701264e+000  9.4916143e+003
  4.5600000e+002  1.9688332e+002  1.8452076e+000  9.3720870e+003
  4.5800000e+002  1.9266346e+002  1.8896089e+000  9.8078219e+003
  4.6000000e+002  1.8972559e+002  1.9444492e+000  1.0248745e+004
  4.6200000e+002  1.9061040e+002  1.9987649e+000  1.0486127e+004
  4.6400000e+002  1.9106308e+002  2.0002953e+000  1.0469293e+004
  4.6600000e+002  1.9006168e+002  1.9552190e+000  1.0287287e+004
  4.6800000e+002  1.9133417e+002  1.9338254e+000  1.0107057e+004
  4.7000000e+002  1.9198957e+002  1.9233063e+000  1.0017765e+004
  4.7200000e+002  1.8580903e+002  1.9492159e+000  1.0490426e+004
  4.7400000e+002  1.8016329e+002  2.0324281e+000  1.1281033e+004
  4.7600000e+002  1.8518206e+002  2.0371934e+000  1.1001030e+004
  4.7800000e+002  1.9239725e+002  1.9429982e+000  1.0098888e+004
  4.8000000e+002  1.9213818e+002  1.8943509e+000  9.8593153e+003
  4.8200000e+002  1.9033658e+002  1.9096033e+000  1.0032771e+004
  4.8400000e+002  1.9133087e+002  1.9296273e+000  1.0085290e+004
  4.8600000e+002  1.9248543e+002  1.9415146e+000  1.0086554e+004
  4.8800000e+002  1.9386114e+002  1.9329949e+000  9.9710282e+003
  4.9000000e+002  1.9523184e+002  1.9105136e+000  9.7858710e+003
  4.9200000e+002  1.9606309e+002  1.8867294e+000  9.6230729e+003
  4.9400000e+002  1.9636809e+002  1.8808851e+000  9.5783643e+003
  4.9600000e+002  1.9184234e+002  1.9435003e+000  1.0130716e+004
  4.9800000e+002  1.8449822e+002  2.0202493e+000  1.0949966e+004
  5.0000000e+002  1.8352237e+002  2.0130933e+000  1.0969198e+004
  5.0200000e+002  1.8286874e+002  2.0051085e+000  1.0964742e+004
  5.0400000e+002  1.7445338e+002  2.0478257e+000  1.1738527e+004
  5.0600000e+002  1.7387546e+002  2.0281719e+000  1.1664509e+004
  5.0800000e+002  1.8776075e+002  1.9848556e+000  1.0571196e+004
  5.1000000e+002  1.9353948e+002  2.0348098e+000  1.0513668e+004
  5.1200000e+002  1.8202327e+002  2.1022720e+000  1.1549468e+004
  5.1400000e+002  1.7084004e+002  2.1113609e+000  1.2358701e+004
  5.1600000e+002  1.7312480e+002  2.1226861e+000  1.2261017e+004
  5.1800000e+002  1.8237426e+002  2.1709480e+000  1.1903807e+004
  5.2000000e+002  1.8065702e+002  2.2042501e+000  1.2201298e+004
  5.2200000e+002  1.6615503e+002  2.1788073e+000  1.3113099e+004
  5.2400000e+002  1.5899194e+002  2.1404605e+000  1.3462698e+004
  5.2600000e+002  1.6440319e+002  2.1530449e+000  1.3096126e+004
  5.2800000e+002  1.7030866e+002  2.1698087e+000  1.2740448e+004
  5.3000000e+002  1.7511108e+002  2.1269117e+000  1.2146072e+004
  5.3200000e+002  1.8099624e+002  2.0828245e+000  1.1507557e+004
  5.3400000e+002  1.8571096e+002  2.0711477e+000  1.1152533e+004
  5.3600000e+002  1.8670120e+002  2.0289013e+000  1.0867104e+004
  5.3800000e+002  1.7956343e+002  2.0089846e+000  1.1188161e+004
  5.4000000e+002  1.7142563e+002  2.0830078e+000  1.2151087e+004
  5.4200000e+002  1.7608792e+002  2.1060914e+000  1.1960454e+004
  5.4400000e+002  1.8397544e+002  2.0129140e+000  1.0941210e+004
  5.4600000e+002  1.8099129e+002  1.9828170e+000  1.0955317e+004
  5.4800000e+002  1.7872116e+002  2.0635617e+000  1.1546264e+004
  5.5000000e+002  1.8610842e+002  2.1168061e+000  1.1374048e+004
  5.5200000e+002  1.9296903e+002  2.0599454e+000  1.0675005e+004
  5.5400000e+002  1.9303454e+002  1.9154121e+000  9.9226392e+003
  5.5600000e+002  1.8707700e+002  1.8440431e+000  9.8571342e+003
  5.5800000e+002  1.7744979e+002  1.9673362e+000  1.1086720e+004
  5.6000000e+002  1.7068290e+002  2.1199667e+000  1.2420498e+004
  5.6200000e+002  1.7123208e+002  2.1382514e+000  1.2487446e+004
  5.6400000e+002  1.7778441e+002  2.1045758e+000  1.1837797e+004
  5.6600000e+002  1.8563882e+002  2.0878146e+000  1.1246649e+004
  5.6800000e+002  1.8916969e+002  2.0683117e+000  1.0933632e+004
  5.7000000e+002  1.8701464e+002  2.0707056e+000  1.1072425e+004
  5.7200000e+002  1.8475798e+002  2.0752817e+000  1.1232433e+004
  5.7400000e+002  1.8824137e+002  2.0261469e+000  1.0763558e+004
  5.7600000e+002  1.9115108e+002  1.9883947e+000  1.0402215e+004
  5.7800000e+002  1.8416189e+002  2.0350385e+000  1.1050269e+004
  5.8000000e+002  1.7560665e+002  2.0870090e+000  1.1884567e+004
  5.8200000e+002  1.7349561e+002  2.0821779e+000  1.2001329e+004
  5.8400000e+002  1.6883124e+002  2.0863674e+000  1.2357709e+004
  5.8600000e+002  1.6290965e+002  2.0998060e+000  1.2889390e+004
  5.8800000e+002  1.6727427e+002  2.0545590e+000  1.2282576e+004
  5.9000000e+002  1.7352516e+002  2.0165962e+000  1.1621348e+004
  5.9200000e+002  1.6986255e+002  2.0663873e+000  1.2165055e+004
  5.9400000e+002  1.6533401e+002  2.1118318e+000  1.2773124e+004
  5.9600000e+002  1.6771348e+002  2.0647257e+000  1.2311030e+004
  5.9800000e+002  1.7077366e+002  1.9976856e+000  1.1697856e+004
  6.0000000e+002  1.7078358e+002  1.9983777e+000  1.1701229e+004
  6.0200000e+002  1.6862295e+002  2.0432620e+000  1.2117342e+004
  6.0400000e+002  1.6596966e+002  2.0765338e+000  1.2511527e+004
  6.0600000e+002  1.6688844e+002  2.1018061e+000  1.2594078e+004
  6.0800000e+002  1.6999268e+002  2.0983952e+000  1.2344033e+004
  6.1000000e+002  1.7135395e+002  1.9989425e+000  1.1665576e+004
  6.1200000e+002  1.7549570e+002  1.8988147e+000  1.0819722e+004
  6.1400000e+002  1.8430481e+002  1.9487751e+000  1.0573653e+004
  6.1600000e+002  1.8775973e+002  2.0156225e+000  1.0735116e+004
  6.1800000e+002  1.8029723e+002  1.9567293e+000  1.0852797e+004
  6.2000000e+002  1.7282864e+002  1.9409114e+000  1.1230265e+004
  6.2200000e+002  1.7679871e+002  2.0546696e+000  1.1621519e+004
  6.2400000e+002  1.8594543e+002  2.1306591e+000  1.1458518e+004
  6.2600000e+002  1.8788548e+002  2.1157855e+000  1.1261038e+004
  6.2800000e+002  1.8430030e+002  2.0918931e+000  1.1350460e+004
  6.3000000e+002  1.8353475e+002  2.0698892e+000  1.1277914e+004
  6.3200000e+002  1.8433615e+002  2.0607578e+000  1.1179347e+004
  6.3400000e+002  1.8196950e+002  2.0804359e+000  1.1432882e+004
  6.3600000e+002  1.7968113e+002  2.0600325e+000  1.1464935e+004
  6.3800000e+002  1.8070960e+002  2.0075948e+000  1.1109508e+004
  6.4000000e+002  1.7809860e+002  2.0498472e+000  1.1509620e+004
  6.4200000e+002  1.6754363e+002  2.1645433e+000  1.2919281e+004
  6.4400000e+002  1.6221936e+002  2.1828663e+000  1.3456263e+004
  6.4600000e+002  1.7261128e+002  2.0633158e+000  1.1953540e+004
  6.4800000e+002  1.8458116e+002  1.9144662e+000  1.0371948e+004
  6.5000000e+002  1.8703624e+002  1.8282620e+000  9.7749078e+003
  6.5200000e+002  1.8946211e+002  1.8216708e+000  9.6149610e+003
  6.5400000e+002  1.8826280e+002  1.8993497e+000  1.0088821e+004
  6.5600000e+002  1.7483283e+002  2.0514862e+000  1.1733987e+004
  6.5800000e+002  1.7062880e+002  2.1306732e+000  1.2487184e+004
  6.6000000e+002  1.8216650e+002  2.0316611e+000  1.1152770e+004
  6.6200000e+002  1.7928843e+002  1.9575376e+000  1.0918371e+004
  6.6400000e+002  1.6627997e+002  2.0033555e+000  1.2048087e+004
  6.6600000e+002  1.7542578e+002  1.9373418e+000  1.1043655e+004
  6.6800000e+002  1.9484814e+002  1.7994972e+000  9.2353830e+003
  6.7000000e+002  1.9651517e+002  1.8514089e+000  9.4212009e+003
  6.7200000e+002  1.8720903e+002  2.0053775e+000  1.0711970e+004
  6.7400000e+002  1.8450931e+002  2.0574363e+000  1.1150854e+004
  6.7600000e+002  1.8862755e+002  2.0327958e+000  1.0776770e+004
  6.7800000e+002  1.8832110e+002  1.9977443e+000  1.0608181e+004
  6.8000000e+002  1.8089918e+002  1.9526249e+000  1.0793995e+004
  6.8200000e+002  1.7445673e+002  1.9469489e+000  1.1160068e+004
  6.8400000e+002  1.7087178e+002  2.0353198e+000  1.1911386e+004
  6.8600000e+002  1.7125391e+002  2.1329877e+000  1.2455118e+004
  6.8800000e+002  1.7874525e+002  2.1445802e+000  1.1997970e+004
  6.9000000e+002  1.8314621e+002  2.1124665e+000  1.1534317e+004
  6.9200000e+002  1.7711171e+002  2.0790589e+000  1.1738687e+004
  6.9400000e+002  1.6947046e+002  2.0764772e+000  1.2252738e+004
  6.9600000e+002  1.6725758e+002  2.1456214e+000  1.2828246e+004
  6.9800000e+002  1.7382013e+002  2.1567619e+000  1.2408010e+004
  7.0000000e+002  1.8570278e+002  2.0183766e+000  1.0868855e+004
  7.0200000e+002  1.8857401e+002  1.9219845e+000  1.0192203e+004
  7.0400000e+002  1.8509123e+002  1.9608815e+000  1.0594135e+004
  7.0600000e+002  1.9087834e+002  2.0156539e+000  1.0559888e+004
  7.0800000e+002  1.9702766e+002  2.0744648e+000  1.0528800e+004
  7.1000000e+002  1.8929351e+002  2.1199673e+000  1.1199366e+004
  7.1200000e+002  1.7972294e+002  2.0877974e+000  1.1616755e+004
  7.1400000e+002  1.8106095e+002  2.0925549e+000  1.1557185e+004
  7.1600000e+002  1.8561843e+002  2.1658415e+000  1.1668246e+004
  7.1800000e+002  1.8143868e+002  2.1318117e+000  1.1749489e+004
  7.2000000e+002  1.7094826e+002  2.0401520e+000  1.1934324e+004
  7.2200000e+002  1.7157123e+002  2.0880498e+000  1.2170163e+004
  7.2400000e+002  1.8670571e+002  2.1680582e+000  1.1612169e+004
  7.2600000e+002  1.9353285e+002  2.0807904e+000  1.0751613e+004
  7.2800000e+002  1.8521505e+002  1.9444918e+000  1.0498563e+004
  7.3000000e+002  1.8166017e+002  1.9709889e+000  1.0849868e+004
  7.3200000e+002  1.8351869e+002  2.1050171e+000  1.1470315e+004
  7.3400000e+002  1.7571020e+002  2.1683056e+000  1.2340238e+004
  7.3600000e+002  1.6767481e+002  2.1469435e+000  1.2804210e+004
  7.3800000e+002  1.7105665e+002  2.1443709e+000  1.2536028e+004
  7.4000000e+002  1.7486346e+002  2.1521637e+000  1.2307681e+004
  7.4200000e+002  1.7840435e+002  2.0461352e+000  1.1469088e+004
  7.4400000e+002  1.8652987e+002  1.8765765e+000  1.0060461e+004
  7.4600000e+002  1.8418554e+002  1.8739765e+000  1.0174395e+004
  7.4800000e+002  1.7421160e+002  2.0301795e+000  1.1653527e+004
  7.5000000e+002  1.7864976e+002  2.1250867e+000  1.1895268e+004
  7.5200000e+002  1.8950537e+002  2.1369690e+000  1.1276562e+004
  7.5400000e+002  1.9249024e+002  2.1388712e+000  1.1111583e+004
  7.5600000e+002  1.9382520e+002  2.1094168e+000  1.0883088e+004
  7.5800000e+002  1.8902634e+002  2.1147062e+000  1.1187363e+004
  7.6000000e+002  1.7612361e+002  2.1803072e+000  1.2379415e+004
  7.6200000e+002  1.7400769e+002  2.1268103e+000  1.2222508e+004
  7.6400000e+002  1.8144861e+002  1.9801703e+000  1.0913119e+004
  7.6600000e+002  1.7928581e+002  2.0086246e+000  1.1203478e+004
  7.6800000e+002  1.7220152e+002  2.1410439e+000  1.2433362e+004
  7.7000000e+002  1.7332903e+002  2.0744052e+000  1.1968019e+004
  7.7200000e+002  1.7943755e+002  1.8759737e+000  1.0454744e+004
  7.7400000e+002  1.8352447e+002  1.7837300e+000  9.7193034e+003
  7.7600000e+002  1.8119676e+002  1.7648588e+000  9.7400130e+003
  7.7800000e+002  1.7314458e+002  1.7957394e+000  1.0371329e+004
  7.8000000e+002  1.6733445e+002  1.9782208e+000  1.1821958e+004
  7.8200000e+002  1.6165228e+002  2.1520957e+000  1.3313117e+004
  7.8400000e+002  1.5232123e+002  2.1186152e+000  1.3908864e+004
  7.8600000e+002  1.5426354e+002  2.0454942e+000  1.3259738e+004
  7.8800000e+002  1.6346312e+002  2.0262466e+000  1.2395742e+004
  7.9000000e+002  1.5392744e+002  1.8828452e+000  1.2232031e+004
  7.9200000e+002  1.4466716e+002  1.7418179e+000  1.2040175e+004
  7.9400000e+002  1.6681965e+002  1.8840250e+000  1.1293783e+004
  7.9600000e+002  1.9100252e+002  2.1114638e+000  1.1054638e+004
  7.9800000e+002  1.8823499e+002  2.1455796e+000  1.1398410e+004
  8.0000000e+002  1.7801597e+002  2.1222291e+000  1.1921566e+004
  8.0200000e+002  1.7177249e+002  2.1683424e+000  1.2623339e+004
  8.0400000e+002  1.6235636e+002  2.1950190e+000  1.3519760e+004
  8.0600000e+002  1.5682163e+002  2.1937969e+000  1.3989122e+004
  8.0800000e+002  1.6054441e+002  2.2036973e+000  1.3726403e+004
  8.1000000e+002  1.6173280e+002  2.1603393e+000  1.3357459e+004
  8.1200000e+002  1.5949887e+002  2.0569717e+000  1.2896466e+004
  8.1400000e+002  1.6812723e+002  1.9967073e+000  1.1876168e+004
  8.1600000e+002  1.8036565e+002  1.9919857e+000  1.1044152e+004
  8.1800000e+002  1.7804463e+002  2.0039980e+000  1.1255594e+004
  8.2000000e+002  1.7085083e+002  2.0739523e+000  1.2138965e+004
  8.2200000e+002  1.7196374e+002  2.1564454e+000  1.2540117e+004
  8.2400000e+002  1.7276850e+002  2.1509979e+000  1.2450174e+004
  8.2600000e+002  1.7040786e+002  2.1491291e+000  1.2611678e+004
  8.2800000e+002  1.7460546e+002  2.1834621e+000  1.2505119e+004
  8.3000000e+002  1.8471022e+002  2.0671427e+000  1.1191274e+004
  8.3200000e+002  1.8689988e+002  1.9020371e+000  1.0176770e+004
  8.3400000e+002  1.7426668e+002  2.0044853e+000  1.1502401e+004
  8.3600000e+002  1.6208145e+002  2.2172631e+000  1.3679931e+004
  8.3800000e+002  1.6612558e+002  2.2112953e+000  1.3310986e+004
  8.4000000e+002  1.7595909e+002  2.1137923e+000  1.2012976e+004
  8.4200000e+002  1.7975361e+002  2.1093227e+000  1.1734522e+004
  8.4400000e+002  1.8597207e+002  2.0670140e+000  1.1114647e+004
  8.4600000e+002  1.9261327e+002  1.9131771e+000  9.9327378e+003
  8.4800000e+002  1.8195339e+002  1.8368368e+000  1.0095095e+004
  8.5000000e+002  1.6243378e+002  1.9911809e+000  1.2258416e+004
  8.5200000e+002  1.6127871e+002  2.1712123e+000  1.3462486e+004
  8.5400000e+002  1.7435127e+002  2.0440554e+000  1.1723777e+004
  8.5600000e+002  1.7814245e+002  1.7505316e+000  9.8265832e+003
  8.5800000e+002  1.7681123e+002  1.7403373e+000  9.8429116e+003
  8.6000000e+002  1.8602591e+002  1.9910685e+000  1.0703178e+004
  8.6200000e+002  1.9172929e+002  2.0933857e+000  1.0918445e+004
  8.6400000e+002  1.7406860e+002  2.0154250e+000  1.1578338e+004
  8.6600000e+002  1.5033295e+002  2.0438005e+000  1.3595160e+004
  8.6800000e+002  1.4520799e+002  2.1562241e+000  1.4849211e+004
  8.7000000e+002  1.4808523e+002  2.1782548e+000  1.4709467e+004
  8.7200000e+002  1.4310257e+002  2.1829744e+000  1.5254614e+004
  8.7400000e+002  1.4080071e+002  2.1900249e+000  1.5554076e+004
  8.7600000e+002  1.4898946e+002  2.1066840e+000  1.4139819e+004
  8.7800000e+002  1.5125844e+002  2.0802817e+000  1.3753161e+004
  8.8000000e+002  1.4004244e+002  2.2037497e+000  1.5736299e+004
  8.8200000e+002  1.3666145e+002  2.2550262e+000  1.6500822e+004
  8.8400000e+002  1.4783707e+002  2.1738545e+000  1.4704394e+004
  8.8600000e+002  1.5024001e+002  2.1371831e+000  1.4225126e+004
  8.8800000e+002  1.4570101e+002  2.1415757e+000  1.4698427e+004
  8.9000000e+002  1.5502742e+002  2.1128133e+000  1.3628643e+004
  8.9200000e+002  1.5853525e+002  2.1331851e+000  1.3455589e+004
  8.9400000e+002  1.3764200e+002  2.2025206e+000  1.6001806e+004
  8.9600000e+002  1.2543973e+002  2.1747571e+000  1.7337068e+004
  8.9800000e+002  1.3915132e+002  2.0635389e+000  1.4829460e+004
  9.0000000e+002  1.4921892e+002  2.0390370e+000  1.3664735e+004
  9.0200000e+002  1.4437673e+002  2.1177032e+000  1.4667898e+004
  9.0400000e+002  1.4146978e+002  2.1704339e+000  1.5342032e+004
  9.0600000e+002  1.4585440e+002  2.1662708e+000  1.4852283e+004
  9.0800000e+002  1.5207181e+002  2.1640726e+000  1.4230597e+004
  9.1000000e+002  1.5725721e+002  2.1647677e+000  1.3765777e+004
  9.1200000e+002  1.6123753e+002  2.1464639e+000  1.3312434e+004
  9.1400000e+002  1.6191822e+002  2.1432803e+000  1.3236807e+004
  9.1600000e+002  1.5409128e+002  2.1775832e+000  1.4131774e+004
  9.1800000e+002  1.4631858e+002  2.2035466e+000  1.5059923e+004
  9.2000000e+002  1.5408406e+002  2.1747300e+000  1.4113919e+004
  9.2200000e+002  1.6536311e+002  2.1169927e+000  1.2802086e+004
  9.2400000e+002  1.5884251e+002  2.1088469e+000  1.3276338e+004
  9.2600000e+002  1.4195412e+002  2.1598754e+000  1.5215306e+004
  9.2800000e+002  1.3280541e+002  2.1741258e+000  1.6370762e+004
  9.3000000e+002  1.3462475e+002  2.1200375e+000  1.5747754e+004
  9.3200000e+002  1.4355696e+002  2.0785659e+000  1.4479033e+004
  9.3400000e+002  1.5233031e+002  2.0960062e+000  1.3759614e+004
  9.3600000e+002  1.4763222e+002  2.1526787e+000  1.4581361e+004
  9.3800000e+002  1.3497268e+002  2.1925211e+000  1.6244184e+004
  9.4000000e+002  1.4334667e+002  2.1553602e+000  1.5035998e+004
  9.4200000e+002  1.6977640e+002  2.0858633e+000  1.2285944e+004
  9.4400000e+002  1.7697230e+002  2.0853468e+000  1.1783464e+004
  9.4600000e+002  1.6112425e+002  2.1376089e+000  1.3266835e+004
  9.4800000e+002  1.4643023e+002  2.1590241e+000  1.4744388e+004
  9.5000000e+002  1.3956156e+002  2.1513358e+000  1.5414960e+004
  9.5200000e+002  1.4016880e+002  2.1624258e+000  1.5427298e+004
  9.5400000e+002  1.4524348e+002  2.1784921e+000  1.4998898e+004
  9.5600000e+002  1.4351071e+002  2.1600826e+000  1.5051717e+004
  9.5800000e+002  1.3579594e+002  2.1476540e+000  1.5815303e+004
  9.6000000e+002  1.3036704e+002  2.1894544e+000  1.6794539e+004
  9.6200000e+002  1.2855372e+002  2.2129395e+000  1.7214123e+004
  9.6400000e+002  1.3191378e+002  2.1772499e+000  1.6505098e+004
  9.6600000e+002  1.3792341e+002  2.1693603e+000  1.5728732e+004
  9.6800000e+002  1.4157130e+002  2.1922127e+000  1.5484867e+004
  9.7000000e+002  1.4374463e+002  2.1764133e+000  1.5140832e+004
  9.7200000e+002  1.4233739e+002  2.1661704e+000  1.5218562e+004
  9.7400000e+002  1.3803381e+002  2.1994361e+000  1.5934039e+004
  9.7600000e+002  1.3785732e+002  2.2149077e+000  1.6066667e+004
  9.7800000e+002  1.3757115e+002  2.2026246e+000  1.6010803e+004
  9.8000000e+002  1.3370733e+002  2.2011781e+000  1.6462658e+004
  9.8200000e+002  1.3602205e+002  2.1945340e+000  1.6133664e+004
  9.8400000e+002  1.4158078e+002  2.1782073e+000  1.5384908e+004
  9.8600000e+002  1.3710167e+002  2.1896185e+000  1.5970765e+004
  9.8800000e+002  1.2993240e+002  2.2088868e+000  1.7000277e+004
  9.9000000e+002  1.3643478e+002  2.1824918e+000  1.5996594e+004
  9.9200000e+002  1.4826481e+002  2.1358973e+000  1.4405963e+004
  9.9400000e+002  1.4544084e+002  2.1239144e+000  1.4603287e+004
  9.9600000e+002  1.3630277e+002  2.1323793e+000  1.5644431e+004
  9.9800000e+002  1.4134785e+002  2.1394681e+000  1.5136191e+004
  1.0000000e+003  1.5079460e+002  2.1592664e+000  1.4319255e+004
  1.0020000e+003  1.4681235e+002  2.1748669e+000  1.4813923e+004
  1.0040000e+003  1.3666931e+002  2.1680626e+000  1.5863566e+004
  1.0060000e+003  1.3290214e+002  2.1698840e+000  1.6326930e+004
  1.0080000e+003  1.3557077e+002  2.1908480e+000  1.6160180e+004
  1.0100000e+003  1.3761602e+002  2.2092344e+000  1.6053614e+004
  1.0120000e+003  1.3424324e+002  2.2146936e+000  1.6497617e+004
  1.0140000e+003  1.3127779e+002  2.1950061e+000  1.6720316e+004
  1.0160000e+003  1.3704558e+002  2.1660812e+000  1.5805553e+004
  1.0180000e+003  1.4791268e+002  2.1734491e+000  1.4694136e+004
  1.0200000e+003  1.4835630e+002  2.2036764e+000  1.4853946e+004
  1.0220000e+003  1.3450413e+002  2.1985075e+000  1.6345279e+004
  1.0240000e+003  1.3077254e+002  2.1535215e+000  1.6467689e+004
  1.0260000e+003  1.4047370e+002  2.1401778e+000  1.5235434e+004
  1.0280000e+003  1.2865068e+002  2.2100854e+000  1.7178964e+004
  1.0300000e+003  1.0673821e+002  2.2806421e+000  2.1366689e+004
  1.0320000e+003  1.1818226e+002  2.2552005e+000  1.9082394e+004
  1.0340000e+003  1.4053096e+002  2.2020681e+000  1.5669630e+004
  1.0360000e+003  1.3789193e+002  2.2110233e+000  1.6034465e+004
  1.0380000e+003  1.3239731e+002  2.2377560e+000  1.6901824e+004
  1.0400000e+003  1.4154255e+002  2.2177447e+000  1.5668396e+004
  1.0420000e+003  1.4540948e+002  2.1739929e+000  1.4950833e+004
  1.0440000e+003  1.3432404e+002  2.1791817e+000  1.6223319e+004
  1.0460000e+003  1.2517386e+002  2.2313045e+000  1.7825643e+004
  1.0480000e+003  1.2865628e+002  2.2368622e+000  1.7386343e+004
  1.0500000e+003  1.3321996e+002  2.1925944e+000  1.6458453e+004
  1.0520000e+003  1.3290388e+002  2.1833277e+000  1.6427870e+004
  1.0540000e+003  1.3321895e+002  2.2039202e+000  1.6543594e+004
  1.0560000e+003  1.3171191e+002  2.2220432e+000  1.6870480e+004
  1.0580000e+003  1.3378933e+002  2.2305840e+000  1.6672361e+004
  1.0600000e+003  1.5146032e+002  2.1585674e+000  1.4251702e+004
  1.0620000e+003  1.6884751e+002  2.0424694e+000  1.2096533e+004
  1.0640000e+003  1.6136629e+002  2.0737738e+000  1.2851345e+004
  1.0660000e+003  1.3764530e+002  2.2222849e+000  1.6145011e+004
  1.0680000e+003  1.2549183e+002  2.2734252e+000  1.8116121e+004
  1.0700000e+003  1.3158691e+002  2.2449704e+000  1.7060743e+004
  1.0720000e+003  1.3612305e+002  2.2462792e+000  1.6501828e+004
  1.0740000e+003  1.3023440e+002  2.2209084e+000  1.7053163e+004
  1.0760000e+003  1.2908922e+002  2.1729231e+000  1.6832723e+004
  1.0780000e+003  1.3364196e+002  2.1952560e+000  1.6426398e+004
  1.0800000e+003  1.3346310e+002  2.2289308e+000  1.6700727e+004
  1.0820000e+003  1.3768724e+002  2.1931120e+000  1.5928215e+004
  1.0840000e+003  1.4402483e+002  2.1632385e+000  1.5019900e+004
  1.0860000e+003  1.3613858e+002  2.1936081e+000  1.6113053e+004
  1.0880000e+003  1.3009467e+002  2.2187631e+000  1.7054988e+004
  1.0900000e+003  1.3938239e+002  2.1916318e+000  1.5723879e+004
  1.0920000e+003  1.4103974e+002  2.1567086e+000  1.5291496e+004
  1.0940000e+003  1.3216830e+002  2.1815025e+000  1.6505490e+004
  1.0960000e+003  1.3399153e+002  2.2344032e+000  1.6675705e+004
  1.0980000e+003  1.3814688e+002  2.2110958e+000  1.6005398e+004
  1.1000000e+003  1.2808508e+002  2.1348030e+000  1.6667070e+004
  1.1020000e+003  1.1938229e+002  2.1170362e+000  1.7733252e+004
  1.1040000e+003  1.2729465e+002  2.1251360e+000  1.6694621e+004
  1.1060000e+003  1.3720761e+002  2.0819928e+000  1.5174033e+004
  1.1080000e+003  1.3531365e+002  2.0625644e+000  1.5242841e+004
  1.1100000e+003  1.3235656e+002  2.1351842e+000  1.6132062e+004
  1.1120000e+003  1.3819384e+002  2.2129519e+000  1.6013390e+004
  1.1140000e+003  1.4258818e+002  2.2229649e+000  1.5590106e+004
  1.1160000e+003  1.3788613e+002  2.2196576e+000  1.6097758e+004
  1.1180000e+003  1.3258484e+002  2.2352322e+000  1.6858882e+004
  1.1200000e+003  1.3257615e+002  2.2291355e+000  1.6814001e+004
  1.1220000e+003  1.3287837e+002  2.2342295e+000  1.6814095e+004
  1.1240000e+003  1.3124588e+002  2.2662883e+000  1.7267501e+004
  1.1260000e+003  1.3412336e+002  2.2119286e+000  1.6491748e+004
  1.1280000e+003  1.3856711e+002  2.1189178e+000  1.5291636e+004
  1.1300000e+003  1.3183396e+002  2.1526797e+000  1.6328719e+004
  1.1320000e+003  1.2617097e+002  2.1852186e+000  1.7319504e+004
  1.1340000e+003  1.4020256e+002  2.0904869e+000  1.4910476e+004
  1.1360000e+003  1.4944222e+002  2.0722574e+000  1.3866613e+004
  1.1380000e+003  1.3149887e+002  2.1886231e+000  1.6643665e+004
  1.1400000e+003  1.1649117e+002  2.2261598e+000  1.9110116e+004
  1.1420000e+003  1.2887962e+002  2.1479986e+000  1.6666705e+004
  1.1440000e+003  1.4940391e+002  2.0810691e+000  1.3929148e+004
  1.1460000e+003  1.6141501e+002  2.0364144e+000  1.2616016e+004
  1.1480000e+003  1.6624391e+002  1.9779204e+000  1.1897701e+004
  1.1500000e+003  1.6026194e+002  1.9805309e+000  1.2358086e+004
  1.1520000e+003  1.4262605e+002  2.1049123e+000  1.4758260e+004
  1.1540000e+003  1.2569011e+002  2.2384683e+000  1.7809423e+004
  1.1560000e+003  1.1876107e+002  2.2630337e+000  1.9055350e+004
  1.1580000e+003  1.1833638e+002  2.2383570e+000  1.8915206e+004
  1.1600000e+003  1.1863364e+002  2.2476318e+000  1.8945990e+004
  1.1620000e+003  1.2243232e+002  2.2522610e+000  1.8395968e+004
  1.1640000e+003  1.3397736e+002  2.2334043e+000  1.6670013e+004
  1.1660000e+003  1.4339293e+002  2.2377633e+000  1.5605813e+004
  1.1680000e+003  1.3823139e+002  2.2164053e+000  1.6034023e+004
  1.1700000e+003  1.2899833e+002  2.1344489e+000  1.6546330e+004
  1.1720000e+003  1.3179059e+002  2.1158030e+000  1.6054280e+004
  1.1740000e+003  1.3959486e+002  2.1751352e+000  1.5581771e+004
  1.1760000e+003  1.4112549e+002  2.1914346e+000  1.5528269e+004
  1.1780000e+003  1.3854303e+002  2.1971255e+000  1.5858795e+004
  1.1800000e+003  1.3461019e+002  2.2340079e+000  1.6596128e+004
  1.1820000e+003  1.3224052e+002  2.2222668e+000  1.6804734e+004
  1.1840000e+003  1.3647981e+002  2.1918275e+000  1.6059720e+004
  1.1860000e+003  1.3955848e+002  2.2092356e+000  1.5830178e+004
  1.1880000e+003  1.2976800e+002  2.2067211e+000  1.7005125e+004
  1.1900000e+003  1.2481533e+002  2.1558452e+000  1.7272279e+004
  1.1920000e+003  1.5001468e+002  2.1288871e+000  1.4191192e+004
  1.1940000e+003  1.8060979e+002  2.1639208e+000  1.1981193e+004
  1.1960000e+003  1.7948869e+002  2.2211681e+000  1.2374975e+004
  1.1980000e+003  1.6555046e+002  2.2020312e+000  1.3301269e+004
  1.2000000e+003  1.6313929e+002  2.1085430e+000  1.2924802e+004
  1.2020000e+003  1.5477975e+002  2.1126161e+000  1.3649176e+004
  1.2040000e+003  1.3654940e+002  2.2372925e+000  1.6384492e+004
  1.2060000e+003  1.3165083e+002  2.2916745e+000  1.7407216e+004
  1.2080000e+003  1.4097413e+002  2.2430135e+000  1.5910816e+004
  1.2100000e+003  1.4591459e+002  2.2215726e+000  1.5225157e+004
  1.2120000e+003  1.4332201e+002  2.2471109e+000  1.5678757e+004
  1.2140000e+003  1.4304440e+002  2.2682815e+000  1.5857185e+004
  1.2160000e+003  1.4615753e+002  2.2774793e+000  1.5582360e+004
  1.2180000e+003  1.4677757e+002  2.2727495e+000  1.5484311e+004
  1.2200000e+003  1.4746908e+002  2.2478486e+000  1.5242847e+004
  1.2220000e+003  1.5065876e+002  2.2280031e+000  1.4788407e+004
  1.2240000e+003  1.4773706e+002  2.2530370e+000  1.5250317e+004
  1.2260000e+003  1.3693181e+002  2.3002472e+000  1.6798487e+004
  1.2280000e+003  1.2838738e+002  2.3025308e+000  1.7934246e+004
  1.2300000e+003  1.2552844e+002  2.2934889e+000  1.8270672e+004
  1.2320000e+003  1.2552402e+002  2.3394922e+000  1.8637805e+004
  1.2340000e+003  1.2976503e+002  2.3412770e+000  1.8042434e+004
  1.2360000e+003  1.3726861e+002  2.2337501e+000  1.6272840e+004
  1.2380000e+003  1.3949714e+002  2.1949218e+000  1.5734529e+004
  1.2400000e+003  1.3136727e+002  2.3056765e+000  1.7551377e+004
  1.2420000e+003  1.2099233e+002  2.3807372e+000  1.9676761e+004
  1.2440000e+003  1.2018387e+002  2.3438625e+000  1.9502305e+004
  1.2460000e+003  1.2518607e+002  2.3239272e+000  1.8563784e+004
  1.2480000e+003  1.2668941e+002  2.3449544e+000  1.8509474e+004
  1.2500000e+003  1.3120912e+002  2.3195455e+000  1.7678234e+004
  1.2520000e+003  1.3867112e+002  2.2881289e+000  1.6500400e+004
  1.2540000e+003  1.3634578e+002  2.3150349e+000  1.6979146e+004
  1.2560000e+003  1.3448124e+002  2.3102689e+000  1.7179117e+004
  1.2580000e+003  1.4314600e+002  2.2557928e+000  1.5758686e+004
  1.2600000e+003  1.4165074e+002  2.2755623e+000  1.6064599e+004
  1.2620000e+003  1.2591577e+002  2.3476469e+000  1.8644582e+004
  1.2640000e+003  1.2270772e+002  2.3452840e+000  1.9112766e+004
  1.2660000e+003  1.3601532e+002  2.2771598e+000  1.6741936e+004
  1.2680000e+003  1.3946731e+002  2.2403010e+000  1.6063270e+004
  1.2700000e+003  1.2731564e+002  2.2706638e+000  1.7834916e+004
  1.2720000e+003  1.2815962e+002  2.2859838e+000  1.7837005e+004
  1.2740000e+003  1.4866794e+002  2.2125356e+000  1.4882399e+004
  1.2760000e+003  1.5668886e+002  2.1442455e+000  1.3684735e+004
  1.2780000e+003  1.4594121e+002  2.1707821e+000  1.4874360e+004
  1.2800000e+003  1.4483328e+002  2.2009565e+000  1.5196483e+004
  1.2820000e+003  1.5447327e+002  2.1745203e+000  1.4077001e+004
  1.2840000e+003  1.5244970e+002  2.1815887e+000  1.4310220e+004
  1.2860000e+003  1.4094858e+002  2.2498311e+000  1.5962070e+004
  1.2880000e+003  1.3573303e+002  2.2961058e+000  1.6916338e+004
  1.2900000e+003  1.3656360e+002  2.2873695e+000  1.6749482e+004
  1.2920000e+003  1.3771993e+002  2.2504510e+000  1.6340779e+004
  1.2940000e+003  1.3889668e+002  2.2203601e+000  1.5985696e+004
  1.2960000e+003  1.3846241e+002  2.2344940e+000  1.6137911e+004
  1.2980000e+003  1.3711015e+002  2.2700211e+000  1.6556186e+004
  1.3000000e+003  1.3940942e+002  2.2695996e+000  1.6280102e+004
  1.3020000e+003  1.4303605e+002  2.2545730e+000  1.5762271e+004
  1.3040000e+003  1.4330024e+002  2.2674830e+000  1.5823302e+004
  1.3060000e+003  1.4431686e+002  2.2706809e+000  1.5733996e+004
  1.3080000e+003  1.4826762e+002  2.2342875e+000  1.5069288e+004
  1.3100000e+003  1.4888363e+002  2.2091507e+000  1.4838103e+004
  1.3120000e+003  1.4935925e+002  2.2169121e+000  1.4842818e+004
  1.3140000e+003  1.5992555e+002  2.2000351e+000  1.3756621e+004
  1.3160000e+003  1.6820487e+002  2.1647297e+000  1.2869602e+004
  1.3180000e+003  1.5256858e+002  2.2127231e+000  1.4503138e+004
  1.3200000e+003  1.2562690e+002  2.3367997e+000  1.8601109e+004
  1.3220000e+003  1.1676339e+002  2.3879913e+000  2.0451541e+004
  1.3240000e+003  1.2617164e+002  2.3204220e+000  1.8390995e+004
  1.3260000e+003  1.3408579e+002  2.2490078e+000  1.6772902e+004
  1.3280000e+003  1.3151253e+002  2.2583244e+000  1.7171933e+004
  1.3300000e+003  1.2386691e+002  2.3197151e+000  1.8727480e+004
  1.3320000e+003  1.2093758e+002  2.3511304e+000  1.9440859e+004
  1.3340000e+003  1.2540592e+002  2.3122044e+000  1.8437761e+004
  1.3360000e+003  1.2997473e+002  2.2648625e+000  1.7425406e+004
  1.3380000e+003  1.3006788e+002  2.2831358e+000  1.7553417e+004
  1.3400000e+003  1.2911691e+002  2.3347545e+000  1.8082484e+004
  1.3420000e+003  1.2937625e+002  2.3440346e+000  1.8117967e+004
  1.3440000e+003  1.3234335e+002  2.3077922e+000  1.7437916e+004
  1.3460000e+003  1.3647181e+002  2.2868609e+000  1.6757020e+004
  1.3480000e+003  1.3100272e+002  2.3209720e+000  1.7716976e+004
  1.3500000e+003  1.1832248e+002  2.3708303e+000  2.0037023e+004
  1.3520000e+003  1.1726346e+002  2.3717647e+000  2.0225948e+004
  1.3540000e+003  1.2427277e+002  2.3404674e+000  1.8833308e+004
  1.3560000e+003  1.2088552e+002  2.3524341e+000  1.9460016e+004
  1.3580000e+003  1.1506784e+002  2.3900983e+000  2.0771210e+004
  1.3600000e+003  1.2311453e+002  2.3424310e+000  1.9026438e+004
  1.3620000e+003  1.3407529e+002  2.2474113e+000  1.6762308e+004
  1.3640000e+003  1.3104081e+002  2.2706739e+000  1.7327990e+004
  1.3660000e+003  1.2119079e+002  2.3687263e+000  1.9545432e+004
  1.3680000e+003  1.1999987e+002  2.3828534e+000  1.9857133e+004
  1.3700000e+003  1.2737208e+002  2.3442344e+000  1.8404617e+004
  1.3720000e+003  1.3267155e+002  2.3334336e+000  1.7588048e+004
  1.3740000e+003  1.2999059e+002  2.3389371e+000  1.7993126e+004
  1.3760000e+003  1.2247101e+002  2.3628331e+000  1.9292999e+004
  1.3780000e+003  1.1698319e+002  2.3969598e+000  2.0489780e+004
  1.3800000e+003  1.1770040e+002  2.3915482e+000  2.0318947e+004
  1.3820000e+003  1.2286545e+002  2.3534632e+000  1.9154801e+004
  1.3840000e+003  1.2619410e+002  2.3382227e+000  1.8528780e+004
  1.3860000e+003  1.2579155e+002  2.3393422e+000  1.8596974e+004
  1.3880000e+003  1.2586148e+002  2.3133865e+000  1.8380417e+004
  1.3900000e+003  1.2566759e+002  2.2929334e+000  1.8246020e+004
  1.3920000e+003  1.2429009e+002  2.3073282e+000  1.8564056e+004
  1.3940000e+003  1.2794957e+002  2.3051728e+000  1.8016261e+004
  1.3960000e+003  1.3148772e+002  2.3198744e+000  1.7643278e+004
  1.3980000e+003  1.2443839e+002  2.3904758e+000  1.9210115e+004
  1.4000000e+003  1.2001767e+002  2.3690685e+000  1.9739331e+004
  1.4020000e+003  1.2969670e+002  2.2522573e+000  1.7365571e+004
  1.4040000e+003  1.3600305e+002  2.2643685e+000  1.6649395e+004
  1.4060000e+003  1.2979172e+002  2.3646392e+000  1.8218722e+004
  1.4080000e+003  1.2422892e+002  2.3711809e+000  1.9087189e+004
  1.4100000e+003  1.2419224e+002  2.3562856e+000  1.8972889e+004
  1.4120000e+003  1.2605566e+002  2.3743260e+000  1.8835537e+004
  1.4140000e+003  1.2792268e+002  2.3536604e+000  1.8399086e+004
  1.4160000e+003  1.2432481e+002  2.3526905e+000  1.8923741e+004
  1.4180000e+003  1.1721740e+002  2.3998874e+000  2.0473815e+004
  1.4200000e+003  1.1942346e+002  2.3798916e+000  1.9928175e+004
  1.4220000e+003  1.3051191e+002  2.3076814e+000  1.7681769e+004
  1.4240000e+003  1.3326205e+002  2.3070439e+000  1.7312085e+004
  1.4260000e+003  1.2213754e+002  2.3654902e+000  1.9367430e+004
  1.4280000e+003  1.1267193e+002  2.4023698e+000  2.1321813e+004
  1.4300000e+003  1.1476262e+002  2.4072684e+000  2.0976067e+004
  1.4320000e+003  1.1848281e+002  2.3989998e+000  2.0247661e+004
  1.4340000e+003  1.1642742e+002  2.3974739e+000  2.0592004e+004
  1.4360000e+003  1.1634542e+002  2.4059550e+000  2.0679413e+004
  1.4380000e+003  1.2368559e+002  2.3686961e+000  1.9150946e+004
  1.4400000e+003  1.3148559e+002  2.2767000e+000  1.7315205e+004
  1.4420000e+003  1.3287533e+002  2.2437594e+000  1.6886200e+004
  1.4440000e+003  1.3029866e+002  2.3050202e+000  1.7690283e+004
  1.4460000e+003  1.2849199e+002  2.3353101e+000  1.8174752e+004
  1.4480000e+003  1.2702154e+002  2.3093862e+000  1.8181060e+004
  1.4500000e+003  1.2473615e+002  2.3188819e+000  1.8590296e+004
  1.4520000e+003  1.2775600e+002  2.2991884e+000  1.7996716e+004
  1.4540000e+003  1.3943539e+002  2.1862419e+000  1.5679247e+004
  1.4560000e+003  1.4685439e+002  2.1602347e+000  1.4710045e+004
  1.4580000e+003  1.4093022e+002  2.2748667e+000  1.6141795e+004
  1.4600000e+003  1.3184973e+002  2.3156640e+000  1.7562903e+004
  1.4620000e+003  1.2652594e+002  2.2688286e+000  1.7931727e+004
  1.4640000e+003  1.2216080e+002  2.2967410e+000  1.8800966e+004
  1.4660000e+003  1.1897212e+002  2.3485621e+000  1.9740441e+004
  1.4680000e+003  1.1609285e+002  2.3204720e+000  1.9988070e+004
  1.4700000e+003  1.1220220e+002  2.2782020e+000  2.0304433e+004
  1.4720000e+003  1.1033168e+002  2.2843185e+000  2.0704103e+004
  1.4740000e+003  1.1323613e+002  2.3099197e+000  2.0399140e+004
  1.4760000e+003  1.2064482e+002  2.3168144e+000  1.9203596e+004
  1.4780000e+003  1.2357329e+002  2.3028546e+000  1.8635537e+004
  1.4800000e+003  1.1543258e+002  2.2984925e+000  1.9911991e+004
  1.4820000e+003  1.1158207e+002  2.2919826e+000  2.0540779e+004
  1.4840000e+003  1.1941991e+002  2.2665602e+000  1.8979751e+004
  1.4860000e+003  1.1929428e+002  2.2820471e+000  1.9129560e+004
  1.4880000e+003  1.1036189e+002  2.3170063e+000  2.0994623e+004
  1.4900000e+003  1.1303700e+002  2.2626529e+000  2.0016923e+004
  1.4920000e+003  1.2418887e+002  2.1611277e+000  1.7401944e+004
  1.4940000e+003  1.2833255e+002  2.1367316e+000  1.6649958e+004
  1.4960000e+003  1.2581870e+002  2.1854017e+000  1.7369451e+004
  1.4980000e+003  1.2217052e+002  2.2343596e+000  1.8288861e+004
  1.5000000e+003  1.1711316e+002  2.2708901e+000  1.9390563e+004
  1.5020000e+003  1.1122740e+002  2.3085909e+000  2.0755595e+004
  1.5040000e+003  1.0918849e+002  2.3128201e+000  2.1181904e+004
  1.5060000e+003  1.1157084e+002  2.2665260e+000  2.0314681e+004
  1.5080000e+003  1.1564614e+002  2.2192884e+000  1.9190337e+004
  1.5100000e+003  1.2052141e+002  2.2016468e+000  1.8267682e+004
  1.5120000e+003  1.1916551e+002  2.2221796e+000  1.8647842e+004
  1.5140000e+003  1.0950183e+002  2.2915916e+000  2.0927427e+004
  1.5160000e+003  1.0669391e+002  2.3585070e+000  2.2105357e+004
  1.5180000e+003  1.1343189e+002  2.3640848e+000  2.0841448e+004
  1.5200000e+003  1.1482440e+002  2.3281994e+000  2.0276173e+004
  1.5220000e+003  1.1358432e+002  2.2774093e+000  2.0050385e+004
  1.5240000e+003  1.1903371e+002  2.2299280e+000  1.8733584e+004
  1.5260000e+003  1.2185904e+002  2.2377920e+000  1.8363775e+004
  1.5280000e+003  1.1677773e+002  2.2979915e+000  1.9678337e+004
  1.5300000e+003  1.1174405e+002  2.3428651e+000  2.0966352e+004
  1.5320000e+003  1.1056590e+002  2.3388106e+000  2.1153092e+004
  1.5340000e+003  1.1394240e+002  2.2905042e+000  2.0102299e+004
  1.5360000e+003  1.1680188e+002  2.2591796e+000  1.9341980e+004
  1.5380000e+003  1.0912058e+002  2.3173891e+000  2.1236957e+004
  1.5400000e+003  9.9722607e+001  2.3868879e+000  2.3935274e+004
  1.5420000e+003  1.0436358e+002  2.3552745e+000  2.2567973e+004
  1.5440000e+003  1.1144976e+002  2.2960154e+000  2.0601349e+004
  1.5460000e+003  1.0655615e+002  2.3024438e+000  2.1607798e+004
  1.5480000e+003  1.0383483e+002  2.3109197e+000  2.2255728e+004
  1.5500000e+003  1.1253027e+002  2.2735153e+000  2.0203589e+004
  1.5520000e+003  1.1762247e+002  2.2489495e+000  1.9120067e+004
  1.5540000e+003  1.1326048e+002  2.2633240e+000  1.9983352e+004
  1.5560000e+003  1.1019612e+002  2.2882768e+000  2.0765493e+004
  1.5580000e+003  1.1227227e+002  2.3162732e+000  2.0630857e+004
  1.5600000e+003  1.1316014e+002  2.3341121e+000  2.0626628e+004
  1.5620000e+003  1.1066848e+002  2.3063224e+000  2.0839921e+004
  1.5640000e+003  1.1149274e+002  2.2512443e+000  2.0191847e+004
  1.5660000e+003  1.1582674e+002  2.2486198e+000  1.9413650e+004
  1.5680000e+003  1.1605877e+002  2.3117480e+000  1.9918770e+004
  1.5700000e+003  1.1428655e+002  2.3487546e+000  2.0551452e+004
  1.5720000e+003  1.1352239e+002  2.3183416e+000  2.0421889e+004
  1.5740000e+003  1.1010596e+002  2.2972276e+000  2.0863790e+004
  1.5760000e+003  1.0719868e+002  2.3211185e+000  2.1652491e+004
  1.5780000e+003  1.0783729e+002  2.3177881e+000  2.1493382e+004
  1.5800000e+003  1.0779247e+002  2.2763344e+000  2.1117750e+004
  1.5820000e+003  1.0606594e+002  2.2870002e+000  2.1562060e+004
  1.5840000e+003  1.0646167e+002  2.3246201e+000  2.1835277e+004
  1.5860000e+003  1.1165879e+002  2.2768512e+000  2.0391151e+004
  1.5880000e+003  1.1573159e+002  2.2269169e+000  1.9242083e+004
  1.5900000e+003  1.1040302e+002  2.3000799e+000  2.0833487e+004
  1.5920000e+003  1.0220699e+002  2.3733307e+000  2.3220826e+004
  1.5940000e+003  1.0034850e+002  2.3538554e+000  2.3456807e+004
  1.5960000e+003  9.9386951e+001  2.3691275e+000  2.3837410e+004
  1.5980000e+003  9.6475664e+001  2.4389050e+000  2.5280002e+004
  1.6000000e+003  1.0019039e+002  2.4303076e+000  2.4256893e+004
  1.6020000e+003  1.0704836e+002  2.3681375e+000  2.2122128e+004
  1.6040000e+003  1.0162259e+002  2.3867143e+000  2.3486061e+004
  1.6060000e+003  9.2741438e+001  2.4321958e+000  2.6225556e+004
  1.6080000e+003  1.0386266e+002  2.3640656e+000  2.2761458e+004
  1.6100000e+003  1.2193941e+002  2.2605299e+000  1.8538140e+004
  1.6120000e+003  1.1783171e+002  2.2537241e+000  1.9126635e+004
  1.6140000e+003  1.0162346e+002  2.2885597e+000  2.2519994e+004
  1.6160000e+003  9.6591067e+001  2.3267611e+000  2.4088781e+004
  1.6180000e+003  9.8760039e+001  2.3860054e+000  2.4159624e+004
  1.6200000e+003  9.8612902e+001  2.3928338e+000  2.4264916e+004
  1.6220000e+003  9.7558606e+001  2.3501601e+000  2.4089726e+004
  1.6240000e+003  9.7144814e+001  2.3338531e+000  2.4024474e+004
  1.6260000e+003  9.8064796e+001  2.3157010e+000  2.3613989e+004
  1.6280000e+003  1.0042340e+002  2.3017033e+000  2.2919990e+004
  1.6300000e+003  1.0271139e+002  2.3218264e+000  2.2605345e+004
  1.6320000e+003  1.0552890e+002  2.3086828e+000  2.1877256e+004
  1.6340000e+003  1.0745098e+002  2.3008666e+000  2.1413175e+004
  1.6360000e+003  1.0513715e+002  2.3768119e+000  2.2606775e+004
  1.6380000e+003  1.0266891e+002  2.4043477e+000  2.3418459e+004
  1.6400000e+003  1.0043551e+002  2.3446381e+000  2.3344712e+004
  1.6420000e+003  8.6784371e+001  2.4006038e+000  2.7661707e+004
  1.6440000e+003  6.9520658e+001  2.5491483e+000  3.6667494e+004
  1.6460000e+003  7.3842124e+001  2.5623443e+000  3.4700306e+004
  1.6480000e+003  8.8421800e+001  2.4975827e+000  2.8246232e+004
  1.6500000e+003  8.7473605e+001  2.5078262e+000  2.8669519e+004
  1.6520000e+003  8.7933996e+001  2.4951840e+000  2.8375647e+004
  1.6540000e+003  1.0491788e+002  2.3985882e+000  2.2861577e+004
  1.6560000e+003  1.1352500e+002  2.3358480e+000  2.0575627e+004
  1.6580000e+003  1.0173588e+002  2.3605603e+000  2.3202830e+004
  1.6600000e+003  8.6686054e+001  2.4328811e+000  2.8065427e+004
  1.6620000e+003  8.1809646e+001  2.4735468e+000  3.0235393e+004
  1.6640000e+003  9.1920385e+001  2.4075613e+000  2.6191810e+004
  1.6660000e+003  1.0694810e+002  2.3154559e+000  2.1650276e+004
  1.6680000e+003  1.0466202e+002  2.3376631e+000  2.2335352e+004
  1.6700000e+003  9.1688914e+001  2.4148987e+000  2.6337957e+004
  1.6720000e+003  9.3763229e+001  2.4146774e+000  2.5752925e+004
  1.6740000e+003  9.9085370e+001  2.4104594e+000  2.4327097e+004
  1.6760000e+003  8.8286454e+001  2.4960571e+000  2.8272255e+004
  1.6780000e+003  8.3628770e+001  2.5408191e+000  3.0382117e+004
  1.6800000e+003  9.5603633e+001  2.4739694e+000  2.5877358e+004
  1.6820000e+003  1.0005283e+002  2.4413383e+000  2.4400492e+004
  1.6840000e+003  9.5486289e+001  2.4809734e+000  2.5982509e+004
  1.6860000e+003  9.2789453e+001  2.5039496e+000  2.6985282e+004
  1.6880000e+003  8.1309670e+001  2.5429168e+000  3.1274470e+004
  1.6900000e+003  6.6355381e+001  2.6142088e+000  3.9397088e+004
  1.6920000e+003  7.4106929e+001  2.5838276e+000  3.4866208e+004
  1.6940000e+003  9.8285720e+001  2.4488250e+000  2.4915369e+004
  1.6960000e+003  1.0426831e+002  2.4125583e+000  2.3137982e+004
  1.6980000e+003  8.7598641e+001  2.5136711e+000  2.8695321e+004
  1.7000000e+003  7.8892601e+001  2.5593079e+000  3.2440405e+004
  1.7020000e+003  8.7895713e+001  2.4932002e+000  2.8365436e+004
  1.7040000e+003  8.9939507e+001  2.4647754e+000  2.7404813e+004
  1.7060000e+003  7.9928195e+001  2.5084420e+000  3.1383694e+004
  1.7080000e+003  8.4189391e+001  2.4877318e+000  2.9549231e+004
  1.7100000e+003  9.9679369e+001  2.4280976e+000  2.4359079e+004
  1.7120000e+003  9.3495989e+001  2.5057147e+000  2.6800237e+004
  1.7140000e+003  7.2313005e+001  2.6434008e+000  3.6554985e+004
  1.7160000e+003  6.9307599e+001  2.6297729e+000  3.7943500e+004
  1.7180000e+003  8.0939974e+001  2.5341006e+000  3.1308394e+004
  1.7200000e+003  8.8068276e+001  2.5071962e+000  2.8468778e+004
  1.7220000e+003  9.2779581e+001  2.5011149e+000  2.6957601e+004
  1.7240000e+003  9.5560005e+001  2.4894269e+000  2.6050929e+004
  1.7260000e+003  8.9718081e+001  2.5252656e+000  2.8146674e+004
  1.7280000e+003  8.2439435e+001  2.5519809e+000  3.0955827e+004
  1.7300000e+003  8.1058412e+001  2.5353416e+000  3.1277958e+004
  1.7320000e+003  8.1372946e+001  2.5509834e+000  3.1349282e+004
  1.7340000e+003  8.4713404e+001  2.5708428e+000  3.0347533e+004
  1.7360000e+003  9.2471836e+001  2.5142277e+000  2.7189118e+004
  1.7380000e+003  9.5465669e+001  2.4417448e+000  2.5577203e+004
  1.7400000e+003  9.2674585e+001  2.4321709e+000  2.6244206e+004
  1.7420000e+003  9.3593264e+001  2.4557425e+000  2.6238453e+004
  1.7440000e+003  9.8835693e+001  2.4641993e+000  2.4932281e+004
  1.7460000e+003  1.0293918e+002  2.4467890e+000  2.3769268e+004
  1.7480000e+003  1.0580667e+002  2.4113668e+000  2.2790310e+004
  1.7500000e+003  1.0735198e+002  2.3878364e+000  2.2243059e+004
  1.7520000e+003  1.0408996e+002  2.4000108e+000  2.3057083e+004
  1.7540000e+003  9.6542045e+001  2.4130566e+000  2.4994878e+004
  1.7560000e+003  9.0427351e+001  2.3876461e+000  2.6404026e+004
  1.7580000e+003  8.9968904e+001  2.3557637e+000  2.6184199e+004
  1.7600000e+003  9.2985921e+001  2.3404499e+000  2.5169938e+004
  1.7620000e+003  9.3362891e+001  2.3095459e+000  2.4737301e+004
  1.7640000e+003  9.1518304e+001  2.2765285e+000  2.4875117e+004
  1.7660000e+003  9.2797845e+001  2.2905529e+000  2.4683255e+004
  1.7680000e+003  9.3365280e+001  2.3317346e+000  2.4974322e+004
  1.7700000e+003  9.0158507e+001  2.3409074e+000  2.5964354e+004
  1.7720000e+003  9.0918217e+001  2.3348679e+000  2.5680969e+004
  1.7740000e+003  9.2562579e+001  2.3935605e+000  2.5858835e+004
  1.7760000e+003  8.7476560e+001  2.4842612e+000  2.8399164e+004
  1.7780000e+003  8.7691872e+001  2.4607208e+000  2.8060991e+004
  1.7800000e+003  9.5034012e+001  2.3544087e+000  2.4774380e+004
  1.7820000e+003  8.9094851e+001  2.3710964e+000  2.6613170e+004
  1.7840000e+003  7.4994016e+001  2.4833710e+000  3.3114255e+004
  1.7860000e+003  7.5130061e+001  2.4851895e+000  3.3078497e+004
  1.7880000e+003  7.9976931e+001  2.4403209e+000  3.0512810e+004
  1.7900000e+003  7.3069135e+001  2.5106868e+000  3.4360429e+004
  1.7920000e+003  6.5933821e+001  2.5786790e+000  3.9110110e+004
  1.7940000e+003  6.9413568e+001  2.5327240e+000  3.6487449e+004
  1.7960000e+003  7.4850501e+001  2.5088416e+000  3.3518033e+004
  1.7980000e+003  7.1993014e+001  2.5847428e+000  3.5902689e+004
  1.8000000e+003  6.3777415e+001  2.6407937e+000  4.1406409e+004
  1.8020000e+003  6.5567392e+001  2.5834353e+000  3.9401221e+004
  1.8040000e+003  8.1594068e+001  2.4752695e+000  3.0336390e+004
  1.8060000e+003  9.2706493e+001  2.4174882e+000  2.6076795e+004
  1.8080000e+003  8.7957523e+001  2.3992387e+000  2.7277243e+004
  1.8100000e+003  8.0526286e+001  2.3831755e+000  2.9595001e+004
  1.8120000e+003  8.0764949e+001  2.3964622e+000  2.9672057e+004
  1.8140000e+003  8.4997098e+001  2.4173629e+000  2.8440535e+004
  1.8160000e+003  8.9334602e+001  2.4190241e+000  2.7078243e+004
  1.8180000e+003  9.0305787e+001  2.4528145e+000  2.7161211e+004
  1.8200000e+003  8.2012155e+001  2.4937621e+000  3.0407226e+004
  1.8220000e+003  7.1963555e+001  2.4635708e+000  3.4233589e+004
  1.8240000e+003  7.4673570e+001  2.4154835e+000  3.2347235e+004
  1.8260000e+003  8.2521668e+001  2.4294423e+000  2.9440053e+004
  1.8280000e+003  8.1911822e+001  2.4671524e+000  3.0119613e+004
  1.8300000e+003  7.9577070e+001  2.4756822e+000  3.1110497e+004
  1.8320000e+003  8.3229198e+001  2.4593021e+000  2.9548550e+004
  1.8340000e+003  8.9315132e+001  2.4387330e+000  2.7304813e+004
  1.8360000e+003  9.1728214e+001  2.4464225e+000  2.6670338e+004
  1.8380000e+003  8.7447333e+001  2.4755655e+000  2.8309217e+004
  1.8400000e+003  8.5619615e+001  2.4516990e+000  2.8634782e+004
  1.8420000e+003  9.4173737e+001  2.3898761e+000  2.5377310e+004
  1.8440000e+003  9.6640016e+001  2.4186330e+000  2.5027241e+004
  1.8460000e+003  8.2028636e+001  2.5287681e+000  3.0827870e+004
  1.8480000e+003  7.5333163e+001  2.5591945e+000  3.3971685e+004
  1.8500000e+003  8.9904920e+001  2.4867330e+000  2.7659587e+004
  1.8520000e+003  9.8749813e+001  2.4418712e+000  2.4727856e+004
  1.8540000e+003  9.0379318e+001  2.4621194e+000  2.7242067e+004
  1.8560000e+003  8.4356940e+001  2.4693997e+000  2.9273225e+004
  1.8580000e+003  8.5150747e+001  2.4229572e+000  2.8454914e+004
  1.8600000e+003  8.4591879e+001  2.3686813e+000  2.8001285e+004
  1.8620000e+003  8.5253108e+001  2.3618925e+000  2.7704474e+004
  1.8640000e+003  8.8515702e+001  2.3334324e+000  2.6361791e+004
  1.8660000e+003  9.0392228e+001  2.2081204e+000  2.4428211e+004
  1.8680000e+003  9.1481479e+001  2.1327195e+000  2.3313129e+004
  1.8700000e+003  9.3931418e+001  2.1931134e+000  2.3348028e+004
  1.8720000e+003  9.6302147e+001  2.2263117e+000  2.3117986e+004
  1.8740000e+003  9.7151855e+001  2.1941844e+000  2.2585100e+004
  1.8760000e+003  9.8514863e+001  2.1703473e+000  2.2030658e+004
  1.8780000e+003  1.0007755e+002  2.1423346e+000  2.1406745e+004
  1.8800000e+003  9.5361746e+001  2.2113939e+000  2.3189528e+004
  1.8820000e+003  8.5542777e+001  2.4024168e+000  2.8084391e+004
  1.8840000e+003  8.5136411e+001  2.4382044e+000  2.8638797e+004
  1.8860000e+003  9.6024617e+001  2.2768761e+000  2.3711379e+004
  1.8880000e+003  9.6880599e+001  2.2748152e+000  2.3480606e+004
  1.8900000e+003  8.2063612e+001  2.4823760e+000  3.0249412e+004
  1.8920000e+003  7.7082425e+001  2.5425663e+000  3.2985033e+004
  1.8940000e+003  8.9613938e+001  2.4102772e+000  2.6896231e+004
  1.8960000e+003  9.5430409e+001  2.3641102e+000  2.4773133e+004
  1.8980000e+003  9.0008253e+001  2.4055411e+000  2.6725784e+004
  1.9000000e+003  8.9840238e+001  2.4078430e+000  2.6801387e+004
  1.9020000e+003  9.0505484e+001  2.4472780e+000  2.7040107e+004
  1.9040000e+003  8.4284740e+001  2.5229714e+000  2.9933905e+004
  1.9060000e+003  8.3929766e+001  2.5149935e+000  2.9965453e+004
  1.9080000e+003  9.1958192e+001  2.4574556e+000  2.6723618e+004
  1.9100000e+003  9.3835720e+001  2.4531259e+000  2.6142773e+004
  1.9120000e+003  8.9606481e+001  2.4960576e+000  2.7855771e+004
  1.9140000e+003  9.0006938e+001  2.5140082e+000  2.7931271e+004
  1.9160000e+003  9.2004001e+001  2.4863939e+000  2.7024845e+004
  1.9180000e+003  8.8642562e+001  2.4718797e+000  2.7885923e+004
  1.9200000e+003  8.6222964e+001  2.4845786e+000  2.8815741e+004
  1.9220000e+003  9.0791115e+001  2.4620383e+000  2.7117613e+004
  1.9240000e+003  9.5406762e+001  2.4075747e+000  2.5234843e+004
  1.9260000e+003  9.6276237e+001  2.3840774e+000  2.4762885e+004
  1.9280000e+003  9.9981500e+001  2.3708807e+000  2.3713194e+004
  1.9300000e+003  1.0406418e+002  2.3065988e+000  2.2165156e+004
  1.9320000e+003  9.8778167e+001  2.2369855e+000  2.2646558e+004
  1.9340000e+003  8.9739371e+001  2.2708008e+000  2.5304398e+004
  1.9360000e+003  8.6914055e+001  2.4120267e+000  2.7751860e+004
  1.9380000e+003  8.5320368e+001  2.5213818e+000  2.9551933e+004
  1.9400000e+003  8.2652619e+001  2.4832457e+000  3.0044368e+004
  1.9420000e+003  8.2699582e+001  2.3957545e+000  2.8969366e+004
  1.9440000e+003  7.6458719e+001  2.4422070e+000  3.1941511e+004
  1.9460000e+003  6.1864550e+001  2.5872930e+000  4.1821900e+004
  1.9480000e+003  5.7455929e+001  2.6450559e+000  4.6036257e+004
  1.9500000e+003  6.6056218e+001  2.5889202e+000  3.9192680e+004
  1.9520000e+003  6.8060000e+001  2.5680580e+000  3.7732266e+004
  1.9540000e+003  6.1624394e+001  2.6372919e+000  4.2796233e+004
  1.9560000e+003  6.4871763e+001  2.6573119e+000  4.0962536e+004
  1.9580000e+003  7.8207771e+001  2.5691925e+000  3.2850860e+004
  1.9600000e+003  8.5460830e+001  2.5217757e+000  2.9507971e+004
  1.9620000e+003  8.5387189e+001  2.5586842e+000  2.9965669e+004
  1.9640000e+003  8.5229161e+001  2.5364631e+000  2.9760508e+004
  1.9660000e+003  8.4772381e+001  2.4354111e+000  2.8728827e+004
  1.9680000e+003  8.8118214e+001  2.3699849e+000  2.6895517e+004
  1.9700000e+003  9.6795129e+001  2.3512903e+000  2.4291411e+004
  1.9720000e+003  9.7669473e+001  2.3426508e+000  2.3985496e+004
  1.9740000e+003  8.7375630e+001  2.3713808e+000  2.7140071e+004
  1.9760000e+003  8.2192956e+001  2.3846245e+000  2.9012517e+004
  1.9780000e+003  8.9208781e+001  2.3033598e+000  2.5819878e+004
  1.9800000e+003  9.4049492e+001  2.2894180e+000  2.4342694e+004
  1.9820000e+003  8.7530347e+001  2.4736051e+000  2.8259971e+004
  1.9840000e+003  8.2975002e+001  2.5675279e+000  3.0943391e+004
  1.9860000e+003  8.9272152e+001  2.3615769e+000  2.6453680e+004
  1.9880000e+003  9.4392252e+001  2.1804927e+000  2.3100336e+004
  1.9900000e+003  9.0584312e+001  2.2913176e+000  2.5294861e+004
  1.9920000e+003  8.3032217e+001  2.4576130e+000  2.9598306e+004
  1.9940000e+003  7.5852049e+001  2.4390574e+000  3.2155458e+004
  1.9960000e+003  7.2325086e+001  2.3646945e+000  3.2695357e+004
  1.9980000e+003  7.4642603e+001  2.3965674e+000  3.2107232e+004
  2.0000000e+003  7.8418262e+001  2.4574317e+000  3.1337493e+004
  2.0020000e+003  8.0155922e+001  2.4743969e+000  3.0869795e+004
  2.0040000e+003  8.2193415e+001  2.4901782e+000  3.0296566e+004
  2.0060000e+003  8.2422051e+001  2.4647088e+000  2.9903512e+004
  2.0080000e+003  7.5344854e+001  2.4021486e+000  3.1882053e+004
  2.0100000e+003  6.6162396e+001  2.4569482e+000  3.7135115e+004
  2.0120000e+003  6.4659811e+001  2.5951778e+000  4.0135870e+004
  2.0140000e+003  7.0654054e+001  2.6276903e+000  3.7190935e+004
  2.0160000e+003  7.8203147e+001  2.5664440e+000  3.2817656e+004
  2.0180000e+003  8.3029212e+001  2.5106616e+000  3.0238293e+004
  2.0200000e+003  8.3599204e+001  2.4739212e+000  2.9592641e+004
  2.0220000e+003  8.3196759e+001  2.4740680e+000  2.9737553e+004
  2.0240000e+003  8.5080899e+001  2.4986766e+000  2.9368244e+004
  2.0260000e+003  8.7253832e+001  2.4909531e+000  2.8548352e+004
  2.0280000e+003  8.9410154e+001  2.4636715e+000  2.7554717e+004
  2.0300000e+003  9.1973970e+001  2.4607912e+000  2.6755300e+004
  2.0320000e+003  8.8933384e+001  2.4748174e+000  2.7827766e+004
  2.0340000e+003  8.1573059e+001  2.4735930e+000  3.0323651e+004
  2.0360000e+003  8.3077637e+001  2.4331784e+000  2.9288007e+004
  2.0380000e+003  9.1418110e+001  2.3643083e+000  2.5862581e+004
  2.0400000e+003  8.8687020e+001  2.3196631e+000  2.6155610e+004
  2.0420000e+003  7.7366623e+001  2.3512091e+000  3.0390484e+004
  2.0440000e+003  7.7928882e+001  2.4365891e+000  3.1266830e+004
  2.0460000e+003  8.8150324e+001  2.4945868e+000  2.8299236e+004
  2.0480000e+003  8.7039974e+001  2.5340021e+000  2.9113084e+004
  2.0500000e+003  7.7378755e+001  2.5968656e+000  3.3560447e+004
  2.0520000e+003  8.0717155e+001  2.5932790e+000  3.2127978e+004
  2.0540000e+003  9.2067965e+001  2.5131464e+000  2.7296643e+004
  2.0560000e+003  8.7406545e+001  2.5233355e+000  2.8868954e+004
  2.0580000e+003  7.3532956e+001  2.6107665e+000  3.5504713e+004
  2.0600000e+003  7.4302045e+001  2.6124314e+000  3.5159616e+004
  2.0620000e+003  8.2419637e+001  2.5673266e+000  3.1149453e+004
  2.0640000e+003  8.2440144e+001  2.5559223e+000  3.1003370e+004
  2.0660000e+003  8.2946246e+001  2.5157944e+000  3.0330419e+004
  2.0680000e+003  8.7977347e+001  2.4730862e+000  2.8110488e+004
  2.0700000e+003  8.8713691e+001  2.5126695e+000  2.8323357e+004
  2.0720000e+003  8.7293331e+001  2.5627190e+000  2.9357558e+004
  2.0740000e+003  8.7815669e+001  2.5478889e+000  2.9014058e+004
  2.0760000e+003  8.7326848e+001  2.5220643e+000  2.8880744e+004
  2.0780000e+003  8.8908763e+001  2.5300784e+000  2.8457019e+004
  2.0800000e+003  9.3494613e+001  2.5628753e+000  2.7412010e+004
  2.0820000e+003  9.2800504e+001  2.5807455e+000  2.7809607e+004
  2.0840000e+003  8.9051966e+001  2.5142335e+000  2.8233330e+004
  2.0860000e+003  9.1742416e+001  2.4018312e+000  2.6180161e+004
  2.0880000e+003  9.5624407e+001  2.3915978e+000  2.5010328e+004
  2.0900000e+003  9.1830210e+001  2.4864823e+000  2.7076953e+004
  2.0920000e+003  8.5517533e+001  2.5541805e+000  2.9867331e+004
  2.0940000e+003  8.4100611e+001  2.5605116e+000  3.0445814e+004
  2.0960000e+003  8.6796252e+001  2.5450292e+000  2.9321879e+004
  2.0980000e+003  9.0418080e+001  2.5287222e+000  2.7966997e+004
  2.1000000e+003  9.1521599e+001  2.5396008e+000  2.7748650e+004
  2.1020000e+003  8.7665206e+001  2.5687369e+000  2.9301670e+004
  2.1040000e+003  8.3644637e+001  2.5680113e+000  3.0701446e+004
  2.1060000e+003  8.5934985e+001  2.5414463e+000  2.9574059e+004
  2.1080000e+003  9.0791513e+001  2.5263736e+000  2.7826099e+004
  2.1100000e+003  9.1960210e+001  2.5173152e+000  2.7373961e+004
  2.1120000e+003  9.2840467e+001  2.4921252e+000  2.6843092e+004
  2.1140000e+003  9.6151003e+001  2.4900819e+000  2.5897618e+004
  2.1160000e+003  9.6843212e+001  2.5304378e+000  2.6129222e+004
  2.1180000e+003  9.5146588e+001  2.4810260e+000  2.6075827e+004
  2.1200000e+003  9.6807517e+001  2.2945704e+000  2.3702399e+004
  2.1220000e+003  9.9891444e+001  2.1676641e+000  2.1700198e+004
  2.1240000e+003  9.9296527e+001  2.1535688e+000  2.1688259e+004
  2.1260000e+003  9.6541252e+001  2.1489097e+000  2.2258979e+004
  2.1280000e+003  9.4734930e+001  2.2563442e+000  2.3817447e+004
  2.1300000e+003  9.2830440e+001  2.4917874e+000  2.6842353e+004
  2.1320000e+003  8.9839211e+001  2.5992462e+000  2.8932202e+004
  2.1340000e+003  8.9515947e+001  2.5206416e+000  2.8158576e+004
  2.1360000e+003  9.3079450e+001  2.4360720e+000  2.6171964e+004
  2.1380000e+003  9.3269577e+001  2.4338495e+000  2.6094784e+004
  2.1400000e+003  8.8682734e+001  2.4940854e+000  2.8123686e+004
  2.1420000e+003  8.9252698e+001  2.5454560e+000  2.8519653e+004
  2.1440000e+003  9.4875029e+001  2.5335082e+000  2.6703636e+004
  2.1460000e+003  9.3858687e+001  2.5169530e+000  2.6816410e+004
  2.1480000e+003  8.8432579e+001  2.5466389e+000  2.8797519e+004
  2.1500000e+003  9.0687670e+001  2.5496772e+000  2.8114927e+004
  2.1520000e+003  9.6576281e+001  2.4838714e+000  2.5719270e+004
  2.1540000e+003  9.5035186e+001  2.4514169e+000  2.5794835e+004
  2.1560000e+003  9.0773645e+001  2.5028052e+000  2.7571937e+004
  2.1580000e+003  9.2374536e+001  2.5207021e+000  2.7287846e+004
  2.1600000e+003  9.4956822e+001  2.4551995e+000  2.5855957e+004
  2.1620000e+003  9.2920187e+001  2.4050885e+000  2.5883380e+004
  2.1640000e+003  9.0387881e+001  2.4303989e+000  2.6888548e+004
  2.1660000e+003  8.9148736e+001  2.5102015e+000  2.8157455e+004
  2.1680000e+003  8.6753344e+001  2.5747918e+000  2.9679453e+004
  2.1700000e+003  8.5967327e+001  2.5597894e+000  2.9776306e+004
  2.1720000e+003  8.8041465e+001  2.5120521e+000  2.8532602e+004
  2.1740000e+003  8.8411410e+001  2.5059834e+000  2.8344570e+004
  2.1760000e+003  8.6961179e+001  2.5282754e+000  2.9073610e+004
  2.1780000e+003  8.5764639e+001  2.5474882e+000  2.9703246e+004
  2.1800000e+003  8.4231243e+001  2.5630488e+000  3.0428719e+004
  2.1820000e+003  8.5997971e+001  2.5746017e+000  2.9937935e+004
  2.1840000e+003  9.2084429e+001  2.5521181e+000  2.7714980e+004
  2.1860000e+003  9.4269490e+001  2.4435749e+000  2.5921164e+004
  2.1880000e+003  9.1258145e+001  2.2872254e+000  2.5063247e+004
  2.1900000e+003  9.0761486e+001  2.2356695e+000  2.4632359e+004
  2.1920000e+003  9.2957611e+001  2.3435411e+000  2.5210858e+004
  2.1940000e+003  9.2041989e+001  2.4984515e+000  2.7144693e+004
  2.1960000e+003  8.7796783e+001  2.5976623e+000  2.9587215e+004
  2.1980000e+003  8.8840412e+001  2.5618361e+000  2.8836382e+004
  2.2000000e+003  9.9773781e+001  2.3936895e+000  2.3991168e+004
  2.2020000e+003  1.0482012e+002  2.3319560e+000  2.2247217e+004
  2.2040000e+003  9.4455464e+001  2.4419119e+000  2.5852521e+004
  2.2060000e+003  8.9490879e+001  2.4046030e+000  2.6869811e+004
  2.2080000e+003  9.7708045e+001  2.2174004e+000  2.2694144e+004
  2.2100000e+003  9.8735141e+001  2.2295668e+000  2.2581289e+004
  2.2120000e+003  9.0375116e+001  2.4064977e+000  2.6627880e+004
  2.2140000e+003  8.7357036e+001  2.4853340e+000  2.8450301e+004
  2.2160000e+003  8.9441820e+001  2.4723256e+000  2.7641718e+004
  2.2180000e+003  8.9458497e+001  2.4885311e+000  2.7817716e+004
  2.2200000e+003  8.8109476e+001  2.5224366e+000  2.8628437e+004
  2.2220000e+003  8.9052654e+001  2.4895203e+000  2.7955599e+004
  2.2240000e+003  8.9848132e+001  2.4367425e+000  2.7120681e+004
  2.2260000e+003  8.6245886e+001  2.4900499e+000  2.8871521e+004
  2.2280000e+003  8.3613627e+001  2.5697968e+000  3.0734186e+004
  2.2300000e+003  8.5413738e+001  2.5496796e+000  2.9850931e+004
  2.2320000e+003  8.5239426e+001  2.5444239e+000  2.9850317e+004
  2.2340000e+003  8.5885792e+001  2.5911343e+000  3.0169534e+004
  2.2360000e+003  8.9805937e+001  2.5469322e+000  2.8360399e+004
  2.2380000e+003  8.6873554e+001  2.5238541e+000  2.9052042e+004
  2.2400000e+003  8.5528054e+001  2.6170760e+000  3.0599036e+004
  2.2420000e+003  9.7031999e+001  2.5504787e+000  2.6284924e+004
  2.2440000e+003  9.9334523e+001  2.3513143e+000  2.3670666e+004
  2.2460000e+003  8.6489554e+001  2.3604912e+000  2.7292211e+004
  2.2480000e+003  8.5394717e+001  2.4540337e+000  2.8737535e+004
  2.2500000e+003  9.3693294e+001  2.4251448e+000  2.5883867e+004
  2.2520000e+003  9.0693587e+001  2.4054307e+000  2.6522611e+004
  2.2540000e+003  8.4039641e+001  2.3889103e+000  2.8425994e+004
  2.2560000e+003  8.5029073e+001  2.3448842e+000  2.7577440e+004
  2.2580000e+003  8.8509281e+001  2.4245075e+000  2.7392692e+004
  2.2600000e+003  9.1598544e+001  2.5485399e+000  2.7822930e+004
  2.2620000e+003  9.4583475e+001  2.5168407e+000  2.6609730e+004
  2.2640000e+003  9.3266828e+001  2.4457374e+000  2.6223015e+004
  2.2660000e+003  8.6738919e+001  2.5127753e+000  2.8969410e+004
  2.2680000e+003  8.2166372e+001  2.5500685e+000  3.1035428e+004
  2.2700000e+003  8.4123443e+001  2.4108235e+000  2.8658165e+004
  2.2720000e+003  8.7369856e+001  2.3660055e+000  2.7080341e+004
  2.2740000e+003  8.8416440e+001  2.5383686e+000  2.8709238e+004
  2.2760000e+003  9.0669340e+001  2.5772127e+000  2.8424302e+004
  2.2780000e+003  9.2018930e+001  2.3920256e+000  2.5994930e+004
  2.2800000e+003  8.8033788e+001  2.3395032e+000  2.6575060e+004
  2.2820000e+003  8.7577009e+001  2.4469265e+000  2.7940284e+004
  2.2840000e+003  9.7196134e+001  2.4376084e+000  2.5079273e+004
  2.2860000e+003  1.0170473e+002  2.4146334e+000  2.3741604e+004
  2.2880000e+003  9.5158000e+001  2.5182001e+000  2.6463357e+004
  2.2900000e+003  9.4585522e+001  2.5289817e+000  2.6737514e+004
  2.2920000e+003  9.6926029e+001  2.4770158e+000  2.5555734e+004
  2.2940000e+003  8.6745347e+001  2.5469346e+000  2.9361051e+004
  2.2960000e+003  7.8210609e+001  2.5417534e+000  3.2498831e+004
  2.2980000e+003  8.4428121e+001  2.4158246e+000  2.8613980e+004
  2.3000000e+003  8.9837575e+001  2.3866862e+000  2.6566681e+004
  2.3020000e+003  8.5517918e+001  2.3685761e+000  2.7696840e+004
  2.3040000e+003  8.2342082e+001  2.3001126e+000  2.7933622e+004
  2.3060000e+003  8.6617363e+001  2.3701972e+000  2.7363996e+004
  2.3080000e+003  9.1168534e+001  2.5284663e+000  2.7733980e+004
  2.3100000e+003  9.1315232e+001  2.5621044e+000  2.8057799e+004
  2.3120000e+003  9.1488471e+001  2.5100279e+000  2.7435456e+004
  2.3140000e+003  8.9532639e+001  2.5215888e+000  2.8163906e+004
  2.3160000e+003  8.3656424e+001  2.5254233e+000  3.0188038e+004
  2.3180000e+003  8.2938565e+001  2.4113842e+000  2.9074342e+004
  2.3200000e+003  8.3583521e+001  2.3421265e+000  2.8021391e+004
  2.3220000e+003  7.8861972e+001  2.4116187e+000  3.0580248e+004
  2.3240000e+003  8.2269504e+001  2.4409061e+000  2.9669634e+004
  2.3260000e+003  9.3590377e+001  2.4006182e+000  2.5650267e+004
  2.3280000e+003  9.6042206e+001  2.3596924e+000  2.4569327e+004
  2.3300000e+003  9.2772964e+001  2.2987954e+000  2.4778721e+004
  2.3320000e+003  9.1351686e+001  2.3406227e+000  2.5622107e+004
  2.3340000e+003  9.0479029e+001  2.4863454e+000  2.7479798e+004
  2.3360000e+003  9.0569273e+001  2.5183186e+000  2.7805441e+004
  2.3380000e+003  8.5975196e+001  2.4935091e+000  2.9002657e+004
  2.3400000e+003  7.9168001e+001  2.5362692e+000  3.2036545e+004
  2.3420000e+003  8.3874620e+001  2.5575500e+000  3.0492538e+004
  2.3440000e+003  9.2523128e+001  2.5265297e+000  2.7307007e+004
  2.3460000e+003  8.9855681e+001  2.4649334e+000  2.7432138e+004
  2.3480000e+003  7.9502441e+001  2.4965860e+000  3.1402633e+004
  2.3500000e+003  7.2529913e+001  2.6549376e+000  3.6604726e+004
  2.3520000e+003  8.1169365e+001  2.5282793e+000  3.1148196e+004
  2.3540000e+003  9.9912289e+001  2.1633534e+000  2.1652526e+004
  2.3560000e+003  1.0030424e+002  2.2222129e+000  2.2154725e+004
  2.3580000e+003  8.3117275e+001  2.4814123e+000  2.9854351e+004
  2.3600000e+003  7.8053573e+001  2.2965039e+000  2.9422150e+004
  2.3620000e+003  8.5582847e+001  2.0678895e+000  2.4162429e+004
  2.3640000e+003  8.8346217e+001  2.2745769e+000  2.5746172e+004
  2.3660000e+003  8.8315132e+001  2.5180948e+000  2.8512609e+004
  2.3680000e+003  9.1061702e+001  2.5050186e+000  2.7509025e+004
  2.3700000e+003  8.8829819e+001  2.5063726e+000  2.8215442e+004
  2.3720000e+003  7.7346760e+001  2.6322803e+000  3.4032199e+004
  2.3740000e+003  7.4065803e+001  2.6125874e+000  3.5273869e+004
  2.3760000e+003  9.1379790e+001  2.4032406e+000  2.6299476e+004
  2.3780000e+003  1.0217727e+002  2.3429002e+000  2.2929759e+004
  2.3800000e+003  8.7386311e+001  2.4680204e+000  2.8242643e+004
  2.3820000e+003  7.8786622e+001  2.4641873e+000  3.1276722e+004
  2.3840000e+003  9.3546454e+001  2.3758700e+000  2.5397756e+004
  2.3860000e+003  1.0114517e+002  2.4323906e+000  2.4048510e+004
  2.3880000e+003  8.9054189e+001  2.5345911e+000  2.8461223e+004
  2.3900000e+003  7.8014453e+001  2.5795338e+000  3.3064819e+004
  2.3920000e+003  7.7123345e+001  2.6218344e+000  3.3995341e+004
  2.3940000e+003  8.2153384e+001  2.6131337e+000  3.1807986e+004
  2.3960000e+003  8.5283641e+001  2.5792199e+000  3.0242845e+004
  2.3980000e+003  7.6643331e+001  2.6290365e+000  3.4302221e+004
  2.4000000e+003  7.3376680e+001  2.5886418e+000  3.5278808e+004
  2.4020000e+003  9.4745139e+001  2.3760929e+000  2.5078784e+004
  2.4040000e+003  1.0681936e+002  2.3410033e+000  2.1915534e+004
  2.4060000e+003  8.5266386e+001  2.5140374e+000  2.9484508e+004
  2.4080000e+003  7.0813587e+001  2.5061256e+000  3.5390463e+004
  2.4100000e+003  8.3204148e+001  2.3817353e+000  2.8625199e+004
  2.4120000e+003  8.7007749e+001  2.4607227e+000  2.8281650e+004
  2.4140000e+003  7.3907882e+001  2.6241206e+000  3.5505288e+004
  2.4160000e+003  7.5137205e+001  2.6112944e+000  3.4753680e+004
  2.4180000e+003  9.4233409e+001  2.4571434e+000  2.6075077e+004
  2.4200000e+003  1.0314296e+002  2.3631706e+000  2.2911603e+004
  2.4220000e+003  9.4420570e+001  2.4317288e+000  2.5754227e+004
  2.4240000e+003  8.3386437e+001  2.5775620e+000  3.0911046e+004
  2.4260000e+003  8.0792130e+001  2.6090706e+000  3.2293623e+004
  2.4280000e+003  8.8977886e+001  2.4841123e+000  2.7918311e+004
  2.4300000e+003  9.6545836e+001  2.4376194e+000  2.5248312e+004
  2.4320000e+003  9.3088347e+001  2.5206199e+000  2.7077717e+004
  2.4340000e+003  8.9933327e+001  2.4919449e+000  2.7708804e+004
  2.4360000e+003  9.2370865e+001  2.4326884e+000  2.6336101e+004
  2.4380000e+003  9.1136559e+001  2.5268902e+000  2.7726417e+004
  2.4400000e+003  8.7366230e+001  2.5870089e+000  2.9611085e+004
  2.4420000e+003  8.5455830e+001  2.5348674e+000  2.9662896e+004
  2.4440000e+003  8.3922832e+001  2.5298480e+000  3.0144931e+004
  2.4460000e+003  8.2059675e+001  2.5827060e+000  3.1473510e+004
  2.4480000e+003  8.0937590e+001  2.6117437e+000  3.2268612e+004
  2.4500000e+003  8.3392663e+001  2.5673403e+000  3.0786165e+004
  2.4520000e+003  8.6984185e+001  2.4906792e+000  2.8633702e+004
  2.4540000e+003  8.5379730e+001  2.4967452e+000  2.9242833e+004
  2.4560000e+003  8.2768252e+001  2.5318450e+000  3.0589567e+004
  2.4580000e+003  8.4819027e+001  2.4944115e+000  2.9408631e+004
  2.4600000e+003  8.4499997e+001  2.5118247e+000  2.9725737e+004
  2.4620000e+003  7.6610843e+001  2.6292599e+000  3.4319684e+004
  2.4640000e+003  7.2173307e+001  2.5882031e+000  3.5860946e+004
  2.4660000e+003  8.2661821e+001  2.3329851e+000  2.8223248e+004
  2.4680000e+003  9.5742391e+001  2.2266118e+000  2.3256279e+004
  2.4700000e+003  9.4080286e+001  2.3948273e+000  2.5455145e+004
  2.4720000e+003  8.8314791e+001  2.5282599e+000  2.8627820e+004
  2.4740000e+003  8.8139507e+001  2.5492129e+000  2.8922477e+004
  2.4760000e+003  8.2866954e+001  2.5900705e+000  3.1255771e+004
  2.4780000e+003  7.9919674e+001  2.5239337e+000  3.1580881e+004
  2.4800000e+003  9.0086585e+001  2.3727095e+000  2.6338100e+004
  2.4820000e+003  9.3505344e+001  2.4347175e+000  2.6038271e+004
  2.4840000e+003  8.1174063e+001  2.6357074e+000  3.2469822e+004
  2.4860000e+003  7.3533426e+001  2.6817080e+000  3.6469238e+004
  2.4880000e+003  7.9026172e+001  2.6167954e+000  3.3113022e+004
  2.4900000e+003  8.5062664e+001  2.6162280e+000  3.0756479e+004
  2.4920000e+003  8.3855046e+001  2.6368803e+000  3.1445696e+004
  2.4940000e+003  8.3086410e+001  2.5060133e+000  3.0161531e+004
  2.4960000e+003  8.6975758e+001  2.3100587e+000  2.6559800e+004
  2.4980000e+003  8.7070542e+001  2.3545978e+000  2.7042416e+004
  2.5000000e+003  8.4261140e+001  2.5424280e+000  3.0173197e+004
  2.5020000e+003  8.4317611e+001  2.5615424e+000  3.0379684e+004
  2.5040000e+003  8.2408629e+001  2.5070485e+000  3.0422160e+004
  2.5060000e+003  7.9734385e+001  2.5278202e+000  3.1703012e+004
  2.5080000e+003  7.9336073e+001  2.5700364e+000  3.2394298e+004
  2.5100000e+003  7.7760080e+001  2.6342981e+000  3.3877256e+004
  2.5120000e+003  8.2767808e+001  2.6327144e+000  3.1808435e+004
  2.5140000e+003  9.4541965e+001  2.5050457e+000  2.6496654e+004
  2.5160000e+003  9.3740979e+001  2.4723478e+000  2.6374248e+004
  2.5180000e+003  8.3935901e+001  2.5631175e+000  3.0536606e+004
  2.5200000e+003  8.2759234e+001  2.5897963e+000  3.1293140e+004
  2.5220000e+003  8.2322849e+001  2.6210872e+000  3.1839122e+004
  2.5240000e+003  8.1520119e+001  2.6244328e+000  3.2193682e+004
  2.5260000e+003  9.2984385e+001  2.4163558e+000  2.5986684e+004
  2.5280000e+003  9.9258742e+001  2.2622599e+000  2.2791543e+004
  2.5300000e+003  8.4082783e+001  2.4589830e+000  2.9244786e+004
  2.5320000e+003  7.1535796e+001  2.7182541e+000  3.7998516e+004
  2.5340000e+003  8.1747373e+001  2.6249737e+000  3.2110802e+004
  2.5360000e+003  9.7927819e+001  2.2951845e+000  2.3437513e+004
  2.5380000e+003  9.4959161e+001  2.2694589e+000  2.3899315e+004
  2.5400000e+003  7.9638842e+001  2.5921214e+000  3.2548457e+004
  2.5420000e+003  8.3108857e+001  2.6047009e+000  3.1340834e+004
  2.5440000e+003  1.0378307e+002  2.2054623e+000  2.1250694e+004
  2.5460000e+003  1.0559549e+002  2.1208567e+000  2.0084728e+004
  2.5480000e+003  8.4757871e+001  2.5341371e+000  2.9898546e+004
  2.5500000e+003  7.6909904e+001  2.7750502e+000  3.6081832e+004
  2.5520000e+003  9.4398149e+001  2.5004464e+000  2.6488299e+004
  2.5540000e+003  1.0738443e+002  2.2102785e+000  2.0582858e+004
  2.5560000e+003  9.6930690e+001  2.3480865e+000  2.4224387e+004
  2.5580000e+003  8.2681114e+001  2.5900352e+000  3.1325596e+004
  2.5600000e+003  7.9692699e+001  2.5824388e+000  3.2404961e+004
  2.5620000e+003  7.9415211e+001  2.5417082e+000  3.2005307e+004
  2.5640000e+003  7.9899152e+001  2.5873355e+000  3.2382515e+004
  2.5660000e+003  8.2892425e+001  2.5639098e+000  3.0930568e+004
  2.5680000e+003  8.1100067e+001  2.5348433e+000  3.1255749e+004
  2.5700000e+003  7.6205789e+001  2.5474871e+000  3.3429050e+004
  2.5720000e+003  7.6652536e+001  2.4554328e+000  3.2033289e+004
  2.5740000e+003  7.8605364e+001  2.3707544e+000  3.0160211e+004
  2.5760000e+003  7.6740027e+001  2.5220661e+000  3.2865067e+004
  2.5780000e+003  7.9093429e+001  2.6880660e+000  3.3985959e+004
  2.5800000e+003  9.0362432e+001  2.5417530e+000  2.8128426e+004
  2.5820000e+003  9.7201651e+001  2.3371712e+000  2.4044563e+004
  2.5840000e+003  8.8107899e+001  2.4447728e+000  2.7747487e+004
  2.5860000e+003  7.3599299e+001  2.5993521e+000  3.5317620e+004
  2.5880000e+003  7.3179829e+001  2.4605444e+000  3.3623260e+004
  2.5900000e+003  8.6932102e+001  2.2770618e+000  2.6193567e+004
  2.5920000e+003  9.2825302e+001  2.3225290e+000  2.5020430e+004
  2.5940000e+003  8.2969469e+001  2.4193461e+000  2.9159474e+004
  2.5960000e+003  7.5316842e+001  2.3693967e+000  3.1459055e+004
  2.5980000e+003  7.6541633e+001  2.3068474e+000  3.0138466e+004
  2.6000000e+003  8.0603723e+001  2.3812759e+000  2.9543001e+004
  2.6020000e+003  9.1377214e+001  2.4286607e+000  2.6578406e+004
  2.6040000e+003  1.0144476e+002  2.3569148e+000  2.3233480e+004
  2.6060000e+003  9.3086587e+001  2.3858878e+000  2.5630844e+004
  2.6080000e+003  7.5921497e+001  2.5439984e+000  3.3508275e+004
  2.6100000e+003  7.1938662e+001  2.6278094e+000  3.6528472e+004
  2.6120000e+003  8.0243693e+001  2.5961585e+000  3.2353427e+004
  2.6140000e+003  8.7687264e+001  2.5088058e+000  2.8610835e+004
  2.6160000e+003  8.8766846e+001  2.4433666e+000  2.7525667e+004
  2.6180000e+003  8.8549349e+001  2.4216258e+000  2.7347754e+004
  2.6200000e+003  9.1465622e+001  2.3765946e+000  2.5983474e+004
  2.6220000e+003  8.8047320e+001  2.4198366e+000  2.7483365e+004
  2.6240000e+003  7.7383000e+001  2.5546337e+000  3.3012854e+004
  2.6260000e+003  7.7053596e+001  2.4803744e+000  3.2190248e+004
  2.6280000e+003  8.2313003e+001  2.3308211e+000  2.8316560e+004
  2.6300000e+003  7.8520162e+001  2.4469814e+000  3.1163733e+004
  2.6320000e+003  8.0969535e+001  2.5368429e+000  3.1330832e+004
  2.6340000e+003  9.1161429e+001  2.3719048e+000  2.6018732e+004
  2.6360000e+003  8.5926159e+001  2.2961468e+000  2.6722326e+004
  2.6380000e+003  7.6635595e+001  2.3955307e+000  3.1258721e+004
  2.6400000e+003  8.2236724e+001  2.4397250e+000  2.9667099e+004
  2.6420000e+003  8.4207308e+001  2.4551913e+000  2.9156511e+004
  2.6440000e+003  7.5893006e+001  2.5168985e+000  3.3163774e+004
  2.6460000e+003  7.7417703e+001  2.5340961e+000  3.2732773e+004
  2.6480000e+003  8.7792566e+001  2.4848657e+000  2.8303828e+004
  2.6500000e+003  8.8371295e+001  2.4779319e+000  2.8040009e+004
  2.6520000e+003  7.7064668e+001  2.5808144e+000  3.3488945e+004
  2.6540000e+003  7.4511434e+001  2.6029494e+000  3.4933557e+004
  2.6560000e+003  9.2099307e+001  2.3772608e+000  2.5811929e+004
  2.6580000e+003  1.0025388e+002  2.2582959e+000  2.2525771e+004
  2.6600000e+003  8.0392365e+001  2.5134203e+000  3.1264415e+004
  2.6620000e+003  7.0368838e+001  2.7084418e+000  3.8489222e+004
  2.6640000e+003  8.7766645e+001  2.5525765e+000  2.9083674e+004
  2.6660000e+003  9.6454381e+001  2.3773183e+000  2.4647074e+004
  2.6680000e+003  8.6571285e+001  2.4058944e+000  2.7790905e+004
  2.6700000e+003  8.1880773e+001  2.4731694e+000  3.0204519e+004
  2.6720000e+003  8.2210411e+001  2.4441750e+000  2.9730724e+004
  2.6740000e+003  7.7756941e+001  2.4184954e+000  3.1103273e+004
  2.6760000e+003  7.5290182e+001  2.5116307e+000  3.3359339e+004
  2.6780000e+003  7.7096737e+001  2.5964224e+000  3.3677462e+004
  2.6800000e+003  7.7646581e+001  2.5461708e+000  3.2791795e+004
  2.6820000e+003  7.6287112e+001  2.5353749e+000  3.3234643e+004
  2.6840000e+003  7.3476852e+001  2.6351054e+000  3.5863069e+004
  2.6860000e+003  7.3036793e+001  2.6080075e+000  3.5708133e+004
  2.6880000e+003  7.9008152e+001  2.4585695e+000  3.1117922e+004
  2.6900000e+003  8.2630994e+001  2.4227363e+000  2.9319946e+004
  2.6920000e+003  7.8423016e+001  2.4385149e+000  3.1094378e+004
  2.6940000e+003  7.6296546e+001  2.3711213e+000  3.1077702e+004
  2.6960000e+003  7.8600671e+001  2.3284373e+000  2.9623631e+004
  2.6980000e+003  7.7790709e+001  2.3594926e+000  3.0331291e+004
  2.7000000e+003  7.5519030e+001  2.3887603e+000  3.1631237e+004
  2.7020000e+003  7.7020657e+001  2.3947544e+000  3.1092365e+004
  2.7040000e+003  7.8914080e+001  2.3980718e+000  3.0388389e+004
  2.7060000e+003  7.7434110e+001  2.4631711e+000  3.1809897e+004
  2.7080000e+003  7.7642211e+001  2.5929008e+000  3.3395504e+004
  2.7100000e+003  8.1853201e+001  2.6611360e+000  3.2511080e+004
  2.7120000e+003  8.1290476e+001  2.6433830e+000  3.2517745e+004
  2.7140000e+003  7.3063404e+001  2.6409732e+000  3.6146320e+004
  2.7160000e+003  7.0182164e+001  2.6436896e+000  3.7668967e+004
  2.7180000e+003  8.2010415e+001  2.5576385e+000  3.1186752e+004
  2.7200000e+003  9.5906120e+001  2.4400799e+000  2.5442379e+004
  2.7220000e+003  9.3708880e+001  2.4414605e+000  2.6053673e+004
  2.7240000e+003  8.0293387e+001  2.5148187e+000  3.1320371e+004
  2.7260000e+003  7.3286238e+001  2.5386359e+000  3.4640008e+004
  2.7280000e+003  7.4877849e+001  2.5766862e+000  3.4411862e+004
  2.7300000e+003  7.6319993e+001  2.6263637e+000  3.4412525e+004
  2.7320000e+003  7.5390877e+001  2.5523758e+000  3.3855234e+004
  2.7340000e+003  7.4932148e+001  2.4432938e+000  3.2606750e+004
  2.7360000e+003  7.5254646e+001  2.4768776e+000  3.2913285e+004
  2.7380000e+003  7.4806932e+001  2.5825766e+000  3.4523226e+004
  2.7400000e+003  7.3684324e+001  2.6289663e+000  3.5678773e+004
  2.7420000e+003  7.3023516e+001  2.6298935e+000  3.6014337e+004
  2.7440000e+003  7.3045529e+001  2.6288401e+000  3.5989062e+004
  2.7460000e+003  7.3474564e+001  2.6304683e+000  3.5801074e+004
  2.7480000e+003  7.4138572e+001  2.6359415e+000  3.5554252e+004
  2.7500000e+003  7.4725742e+001  2.6365995e+000  3.5283684e+004
  2.7520000e+003  7.4799075e+001  2.6266774e+000  3.5116442e+004
  2.7540000e+003  7.4532641e+001  2.6247579e+000  3.5216220e+004
  2.7560000e+003  7.4697306e+001  2.6345143e+000  3.5269201e+004
  2.7580000e+003  7.4958313e+001  2.6325918e+000  3.5120745e+004
  2.7600000e+003  7.4647583e+001  2.6189177e+000  3.5083758e+004
  2.7620000e+003  7.4583994e+001  2.6165192e+000  3.5081511e+004
  2.7640000e+003  7.4909380e+001  2.6257564e+000  3.5052438e+004
  2.7660000e+003  7.4460303e+001  2.6293552e+000  3.5312174e+004
  2.7680000e+003  7.3748899e+001  2.6241861e+000  3.5582716e+004
  2.7700000e+003  7.4886483e+001  2.6233327e+000  3.5030791e+004
  2.7720000e+003  7.7839446e+001  2.6297430e+000  3.3784195e+004
  2.7740000e+003  7.8631436e+001  2.6258572e+000  3.3394496e+004
  2.7760000e+003  7.5056718e+001  2.6132039e+000  3.4816389e+004
  2.7780000e+003  7.2180359e+001  2.6136590e+000  3.6210114e+004
  2.7800000e+003  7.4779262e+001  2.6212522e+000  3.5053197e+004
  2.7820000e+003  7.9285333e+001  2.6255648e+000  3.3115391e+004
  2.7840000e+003  8.0145412e+001  2.6359713e+000  3.2889859e+004
  2.7860000e+003  7.7802338e+001  2.6419016e+000  3.3956584e+004
  2.7880000e+003  7.6573255e+001  2.6307162e+000  3.4355549e+004
  2.7900000e+003  7.7925960e+001  2.6213900e+000  3.3639496e+004
  2.7920000e+003  7.8435284e+001  2.6244342e+000  3.3459867e+004
  2.7940000e+003  7.5843373e+001  2.6276349e+000  3.4645544e+004
  2.7960000e+003  7.2862811e+001  2.6310121e+000  3.6109122e+004
  2.7980000e+003  7.1991286e+001  2.6357149e+000  3.6611582e+004
  2.8000000e+003  7.2095726e+001  2.6117157e+000  3.6225666e+004
  2.8020000e+003  7.1538163e+001  2.5427886e+000  3.5544505e+004
  2.8040000e+003  7.0761649e+001  2.4889293e+000  3.5173421e+004
  2.8060000e+003  7.0654262e+001  2.5178117e+000  3.5635666e+004
  2.8080000e+003  7.0391575e+001  2.5864716e+000  3.6744051e+004
  2.8100000e+003  6.9433119e+001  2.5949138e+000  3.7372854e+004
  2.8120000e+003  6.9285567e+001  2.5489354e+000  3.6788837e+004
  2.8140000e+003  6.9931434e+001  2.5436935e+000  3.6374108e+004
  2.8160000e+003  6.9735552e+001  2.5922053e+000  3.7171933e+004
  2.8180000e+003  7.0603196e+001  2.6259358e+000  3.7192874e+004
  2.8200000e+003  7.3669420e+001  2.6307893e+000  3.5710737e+004
  2.8220000e+003  7.3988221e+001  2.6166237e+000  3.5365409e+004
  2.8240000e+003  7.0600209e+001  2.5428630e+000  3.6017783e+004
  2.8260000e+003  6.9286887e+001  2.4449614e+000  3.5287505e+004
  2.8280000e+003  7.0038858e+001  2.4788662e+000  3.5392727e+004
  2.8300000e+003  6.9197441e+001  2.6300425e+000  3.8007800e+004
  2.8320000e+003  6.9053158e+001  2.6637522e+000  3.8575386e+004
  2.8340000e+003  7.1150947e+001  2.5642352e+000  3.6039369e+004
  2.8360000e+003  7.1539823e+001  2.5448959e+000  3.5573137e+004
  2.8380000e+003  6.9545525e+001  2.5961079e+000  3.7329618e+004
  2.8400000e+003  6.9556728e+001  2.5756186e+000  3.7029036e+004
  2.8420000e+003  7.1987277e+001  2.5321943e+000  3.5175581e+004
  2.8440000e+003  7.2307752e+001  2.5453992e+000  3.5202300e+004
  2.8460000e+003  7.0193513e+001  2.5521065e+000  3.6358153e+004
  2.8480000e+003  6.9817903e+001  2.5213019e+000  3.6112541e+004
  2.8500000e+003  7.1112908e+001  2.5206596e+000  3.5445880e+004
  2.8520000e+003  7.0908420e+001  2.5498867e+000  3.5960281e+004
  2.8540000e+003  6.9912691e+001  2.5641497e+000  3.6676455e+004
  2.8560000e+003  7.0095250e+001  2.5963804e+000  3.7040747e+004
  2.8580000e+003  7.0087011e+001  2.6376597e+000  3.7634073e+004
  2.8600000e+003  6.9025472e+001  2.6154516e+000  3.7891108e+004
  2.8620000e+003  6.9702187e+001  2.5836451e+000  3.7066916e+004
  2.8640000e+003  7.2932370e+001  2.6256810e+000  3.6001586e+004
  2.8660000e+003  7.4336165e+001  2.6527534e+000  3.5685906e+004
  2.8680000e+003  7.1899407e+001  2.5822014e+000  3.5914085e+004
  2.8700000e+003  6.9727748e+001  2.4943829e+000  3.5773175e+004
  2.8720000e+003  7.0515736e+001  2.4647450e+000  3.4953120e+004
  2.8740000e+003  7.1675359e+001  2.4981390e+000  3.4853526e+004
  2.8760000e+003  7.1036936e+001  2.5738423e+000  3.6232451e+004
  2.8780000e+003  7.0373499e+001  2.6187213e+000  3.7211754e+004
  2.8800000e+003  7.0325569e+001  2.6050568e+000  3.7042812e+004
  2.8820000e+003  6.9230434e+001  2.5982393e+000  3.7530305e+004
  2.8840000e+003  7.0406033e+001  2.6179334e+000  3.7183368e+004
  2.8860000e+003  7.6394680e+001  2.6294255e+000  3.4418961e+004
  2.8880000e+003  7.8608874e+001  2.6227589e+000  3.3364667e+004
  2.8900000e+003  7.3184012e+001  2.6092221e+000  3.5652898e+004
  2.8920000e+003  6.9978717e+001  2.6067480e+000  3.7250583e+004
  2.8940000e+003  7.0714943e+001  2.6200295e+000  3.7050578e+004
  2.8960000e+003  7.0563991e+001  2.6386804e+000  3.7394149e+004
  2.8980000e+003  7.5627613e+001  2.6474536e+000  3.5006441e+004
  2.9000000e+003  8.4821381e+001  2.6195665e+000  3.0883328e+004
