  4.0200000e+002  6.3703157e+001  1.6306171e+000  2.5597116e+004
  4.0400000e+002  7.5504687e+001  1.6840541e+000  2.2303968e+004
  4.0600000e+002  1.4845171e+002  1.9019272e+000  1.2811757e+004
  4.0800000e+002  1.8833471e+002  2.0154375e+000  1.0701360e+004
  4.1000000e+002  1.9166518e+002  1.9566238e+000  1.0208551e+004
  4.1200000e+002  1.9674959e+002  1.9092237e+000  9.7038256e+003
  4.1400000e+002  2.0088223e+002  1.9253598e+000  9.5845202e+003
  4.1600000e+002  1.9919684e+002  1.8773882e+000  9.4247891e+003
  4.1800000e+002  2.0127804e+002  1.7817129e+000  8.8519985e+003
  4.2000000e+002  2.0319472e+002  1.7796132e+000  8.7581666e+003
  4.2200000e+002  1.9869672e+002  1.8357803e+000  9.2391072e+003
  4.2400000e+002  1.9398214e+002  1.8581817e+000  9.5791381e+003
  4.2600000e+002  1.9346509e+002  1.9075858e+000  9.8601034e+003
  4.2800000e+002  1.9418065e+002  1.9783785e+000  1.0188340e+004
  4.3000000e+002  1.9423293e+002  1.9620728e+000  1.0101649e+004
  4.3200000e+002  1.9445129e+002  1.9070051e+000  9.8071095e+003
  4.3400000e+002  1.9529504e+002  1.9101724e+000  9.7809571e+003
  4.3600000e+002  1.9469500e+002  1.9213104e+000  9.8683089e+003
  4.3800000e+002  1.8924047e+002  1.9273875e+000  1.0184859e+004
  4.4000000e+002  1.8230513e+002  1.9902304e+000  1.0917029e+004
  4.4200000e+002  1.8437043e+002  2.0176141e+000  1.0943263e+004
  4.4400000e+002  1.9517037e+002  1.9282854e+000  9.8800110e+003
  4.4600000e+002  1.9861456e+002  1.8956501e+000  9.5443662e+003
  4.4800000e+002  1.8898307e+002  2.0101874e+000  1.0636865e+004
  4.5000000e+002  1.8305765e+002  2.0589553e+000  1.1247579e+004
  4.5200000e+002  1.9125272e+002  1.9366720e+000  1.0126246e+004
  4.5400000e+002  2.0064069e+002  1.8370077e+000  9.1557086e+003
  4.5600000e+002  2.0000800e+002  1.8771194e+000  9.3852216e+003
  4.5800000e+002  1.9534574e+002  1.9363826e+000  9.9125919e+003
  4.6000000e+002  1.9269867e+002  1.9449481e+000  1.0093210e+004
  4.6200000e+002  1.9092187e+002  1.9763942e+000  1.0351848e+004
  4.6400000e+002  1.9095418e+002  2.0251276e+000  1.0605306e+004
  4.6600000e+002  1.9094457e+002  2.0146921e+000  1.0551188e+004
  4.6800000e+002  1.8287152e+002  1.9979953e+000  1.0925678e+004
  4.7000000e+002  1.7238046e+002  2.0481374e+000  1.1881494e+004
  4.7200000e+002  1.7683437e+002  2.0578505e+000  1.1637164e+004
  4.7400000e+002  1.8947657e+002  1.9613549e+000  1.0351438e+004
  4.7600000e+002  1.8870245e+002  1.9207514e+000  1.0178731e+004
  4.7800000e+002  1.8057049e+002  1.9981449e+000  1.1065733e+004
  4.8000000e+002  1.7833262e+002  2.0557630e+000  1.1527689e+004
  4.8200000e+002  1.7220636e+002  2.0797712e+000  1.2077203e+004
  4.8400000e+002  1.6384691e+002  2.1024686e+000  1.2831909e+004
  4.8600000e+002  1.7156680e+002  2.0433748e+000  1.1910083e+004
  4.8800000e+002  1.8758754e+002  1.9511228e+000  1.0401132e+004
  4.9000000e+002  1.9366751e+002  1.9382775e+000  1.0008274e+004
  4.9200000e+002  1.9551447e+002  1.9332416e+000  9.8879720e+003
  4.9400000e+002  1.9853965e+002  1.9000610e+000  9.5701841e+003
  4.9600000e+002  1.9673566e+002  1.9297370e+000  9.8087810e+003
  4.9800000e+002  1.9392193e+002  1.9863644e+000  1.0243114e+004
  5.0000000e+002  1.9178900e+002  2.0033626e+000  1.0445660e+004
  5.0200000e+002  1.8444117e+002  2.0381054e+000  1.1050165e+004
  5.0400000e+002  1.8023569e+002  2.0730841e+000  1.1502073e+004
  5.0600000e+002  1.8512039e+002  2.0480766e+000  1.1063485e+004
  5.0800000e+002  1.8667683e+002  2.0419968e+000  1.0938673e+004
  5.1000000e+002  1.8556278e+002  2.0651963e+000  1.1129367e+004
  5.1200000e+002  1.9146029e+002  2.0097046e+000  1.0496718e+004
  5.1400000e+002  1.8962663e+002  1.9635658e+000  1.0354905e+004
  5.1600000e+002  1.7301658e+002  2.0625778e+000  1.1921273e+004
  5.1800000e+002  1.6749154e+002  2.1601221e+000  1.2896903e+004
  5.2000000e+002  1.7619245e+002  2.1396349e+000  1.2143738e+004
  5.2200000e+002  1.7239179e+002  2.1280829e+000  1.2344456e+004
  5.2400000e+002  1.5971056e+002  2.1589871e+000  1.3518124e+004
  5.2600000e+002  1.5730978e+002  2.1751616e+000  1.3827250e+004
  5.2800000e+002  1.5936826e+002  2.1984598e+000  1.3794841e+004
  5.3000000e+002  1.6279558e+002  2.1662146e+000  1.3306348e+004
  5.3200000e+002  1.7294277e+002  2.0542949e+000  1.1878467e+004
  5.3400000e+002  1.7924150e+002  2.0211671e+000  1.1276223e+004
  5.3600000e+002  1.7767206e+002  2.0684080e+000  1.1641718e+004
  5.3800000e+002  1.7879286e+002  2.0674619e+000  1.1563448e+004
  5.4000000e+002  1.8048876e+002  2.0696858e+000  1.1467117e+004
  5.4200000e+002  1.7829790e+002  2.0965798e+000  1.1758859e+004
  5.4400000e+002  1.7616245e+002  2.0662598e+000  1.1729286e+004
  5.4600000e+002  1.7048016e+002  2.0591024e+000  1.2078252e+004
  5.4800000e+002  1.6383851e+002  2.1241633e+000  1.2964982e+004
  5.5000000e+002  1.6871299e+002  2.1181134e+000  1.2554537e+004
  5.5200000e+002  1.7717441e+002  2.0402625e+000  1.1515560e+004
  5.5400000e+002  1.7552895e+002  2.0408099e+000  1.1626629e+004
  5.5600000e+002  1.7247455e+002  2.1109446e+000  1.2239166e+004
  5.5800000e+002  1.7582831e+002  2.1228381e+000  1.2073358e+004
  5.6000000e+002  1.8061860e+002  2.0348515e+000  1.1266013e+004
  5.6200000e+002  1.8559579e+002  1.9422805e+000  1.0465111e+004
  5.6400000e+002  1.8963422e+002  1.9310679e+000  1.0183119e+004
  5.6600000e+002  1.9027388e+002  1.9309625e+000  1.0148332e+004
  5.6800000e+002  1.9117758e+002  1.9026319e+000  9.9521706e+003
  5.7000000e+002  1.8992701e+002  1.9603955e+000  1.0321836e+004
  5.7200000e+002  1.8117597e+002  2.0964508e+000  1.1571351e+004
  5.7400000e+002  1.7718256e+002  2.1542280e+000  1.2158240e+004
  5.7600000e+002  1.8756068e+002  2.1153763e+000  1.1278357e+004
  5.7800000e+002  1.9790323e+002  2.0703611e+000  1.0461482e+004
  5.8000000e+002  1.9920080e+002  2.0473004e+000  1.0277571e+004
  5.8200000e+002  1.9895223e+002  2.0484336e+000  1.0296108e+004
  5.8400000e+002  1.9665666e+002  2.0817567e+000  1.0585742e+004
  5.8600000e+002  1.9074415e+002  2.1118099e+000  1.1071427e+004
  5.8800000e+002  1.9163245e+002  2.0841533e+000  1.0875785e+004
  5.9000000e+002  1.9604931e+002  2.0317387e+000  1.0363407e+004
  5.9200000e+002  1.8436162e+002  2.0660849e+000  1.1206697e+004
  5.9400000e+002  1.6396924e+002  2.1661311e+000  1.3210594e+004
  5.9600000e+002  1.6469553e+002  2.1746889e+000  1.3204298e+004
  5.9800000e+002  1.8227838e+002  2.0994196e+000  1.1517656e+004
  6.0000000e+002  1.8626685e+002  2.0870294e+000  1.1204513e+004
  6.0200000e+002  1.7715222e+002  2.1171160e+000  1.1950830e+004
  6.0400000e+002  1.7455066e+002  2.0983384e+000  1.2021372e+004
  6.0600000e+002  1.7308202e+002  2.0983591e+000  1.2123496e+004
  6.0800000e+002  1.6526592e+002  2.1351401e+000  1.2919422e+004
  6.1000000e+002  1.6499741e+002  2.0807590e+000  1.2610859e+004
  6.1200000e+002  1.7267125e+002  1.9875699e+000  1.1510717e+004
  6.1400000e+002  1.7386935e+002  2.0198251e+000  1.1616913e+004
  6.1600000e+002  1.7268306e+002  2.1078272e+000  1.2206335e+004
  6.1800000e+002  1.7788207e+002  2.1070484e+000  1.1845198e+004
  6.2000000e+002  1.8243683e+002  2.0333390e+000  1.1145441e+004
  6.2200000e+002  1.7853534e+002  1.9895450e+000  1.1143704e+004
  6.2400000e+002  1.6982196e+002  2.0497585e+000  1.2070044e+004
  6.2600000e+002  1.6625659e+002  2.1451797e+000  1.2902825e+004
  6.2800000e+002  1.7138486e+002  2.1497566e+000  1.2543445e+004
  6.3000000e+002  1.7648293e+002  2.1020900e+000  1.1911010e+004
  6.3200000e+002  1.7655828e+002  2.1042384e+000  1.1918095e+004
  6.3400000e+002  1.8127891e+002  2.1198663e+000  1.1693949e+004
  6.3600000e+002  1.9096509e+002  2.0836646e+000  1.0911233e+004
  6.3800000e+002  1.8698684e+002  2.0685563e+000  1.1062577e+004
  6.4000000e+002  1.7203805e+002  2.1369459e+000  1.2421356e+004
  6.4200000e+002  1.7212435e+002  2.1474265e+000  1.2476018e+004
  6.4400000e+002  1.8251545e+002  2.0124909e+000  1.1026414e+004
  6.4600000e+002  1.7912413e+002  1.9336448e+000  1.0794999e+004
  6.4800000e+002  1.7008794e+002  2.0362940e+000  1.1972007e+004
  6.5000000e+002  1.7262965e+002  2.1394528e+000  1.2393310e+004
  6.5200000e+002  1.7903412e+002  2.1083074e+000  1.1776009e+004
  6.5400000e+002  1.8034321e+002  2.0309028e+000  1.1261321e+004
  6.5600000e+002  1.8057698e+002  2.0029456e+000  1.1091921e+004
  6.5800000e+002  1.8186720e+002  2.0302373e+000  1.1163296e+004
  6.6000000e+002  1.7946873e+002  2.0864098e+000  1.1625478e+004
  6.6200000e+002  1.6981843e+002  2.1143863e+000  1.2450865e+004
  6.6400000e+002  1.6045584e+002  2.0766043e+000  1.2941905e+004
  6.6600000e+002  1.6201567e+002  2.0440877e+000  1.2616605e+004
  6.6800000e+002  1.7029212e+002  2.0761620e+000  1.2191768e+004
  6.7000000e+002  1.7492240e+002  2.0997745e+000  1.2004034e+004
  6.7200000e+002  1.7431726e+002  2.0744479e+000  1.1900416e+004
  6.7400000e+002  1.7294727e+002  2.0624340e+000  1.1925219e+004
  6.7600000e+002  1.7636365e+002  2.0651763e+000  1.1709762e+004
  6.7800000e+002  1.7996176e+002  2.0525004e+000  1.1405203e+004
  6.8000000e+002  1.7314403e+002  2.0712515e+000  1.1962593e+004
  6.8200000e+002  1.6437258e+002  2.1287526e+000  1.2950777e+004
  6.8400000e+002  1.6659082e+002  2.1517343e+000  1.2916284e+004
  6.8600000e+002  1.7169725e+002  2.1246854e+000  1.2374604e+004
  6.8800000e+002  1.7244818e+002  2.1178303e+000  1.2280966e+004
  6.9000000e+002  1.7404165e+002  2.1536199e+000  1.2374164e+004
  6.9200000e+002  1.7769421e+002  2.1076973e+000  1.1861373e+004
  6.9400000e+002  1.8162701e+002  1.9243094e+000  1.0594842e+004
  6.9600000e+002  1.8587682e+002  1.8116465e+000  9.7464896e+003
  6.9800000e+002  1.8976103e+002  1.9029438e+000  1.0028106e+004
  7.0000000e+002  1.9102764e+002  2.0546443e+000  1.0755744e+004
  7.0200000e+002  1.8676656e+002  2.1367394e+000  1.1440696e+004
  7.0400000e+002  1.7850185e+002  2.1376540e+000  1.1975529e+004
  7.0600000e+002  1.6865359e+002  2.1264910e+000  1.2608632e+004
  7.0800000e+002  1.6024510e+002  2.1792127e+000  1.3599247e+004
  7.1000000e+002  1.6077836e+002  2.1977247e+000  1.3669282e+004
  7.1200000e+002  1.6566826e+002  2.1225477e+000  1.2812036e+004
  7.1400000e+002  1.6574046e+002  2.1145018e+000  1.2757910e+004
  7.1600000e+002  1.6963786e+002  2.1670934e+000  1.2774822e+004
  7.1800000e+002  1.7768500e+002  2.0977557e+000  1.1806037e+004
  7.2000000e+002  1.7486624e+002  1.9987301e+000  1.1430051e+004
  7.2200000e+002  1.6601498e+002  2.0534250e+000  1.2368914e+004
  7.2400000e+002  1.6421587e+002  2.1515430e+000  1.3101919e+004
  7.2600000e+002  1.6475478e+002  2.1602549e+000  1.3111941e+004
  7.2800000e+002  1.6124568e+002  2.1572356e+000  1.3378564e+004
  7.3000000e+002  1.5860032e+002  2.1896048e+000  1.3805803e+004
  7.3200000e+002  1.6468505e+002  2.1698078e+000  1.3175500e+004
  7.3400000e+002  1.7523256e+002  2.0467955e+000  1.1680452e+004
  7.3600000e+002  1.7579964e+002  1.9251725e+000  1.0950947e+004
  7.3800000e+002  1.6984050e+002  1.9512571e+000  1.1488762e+004
  7.4000000e+002  1.7009431e+002  2.0937591e+000  1.2309401e+004
  7.4200000e+002  1.7177146e+002  2.1965909e+000  1.2787869e+004
  7.4400000e+002  1.7519718e+002  2.1863455e+000  1.2479342e+004
  7.4600000e+002  1.8273691e+002  2.1296108e+000  1.1653972e+004
  7.4800000e+002  1.7636462e+002  2.1567791e+000  1.2229092e+004
  7.5000000e+002  1.6101220e+002  2.1980192e+000  1.3651259e+004
  7.5200000e+002  1.6283802e+002  2.0510024e+000  1.2595353e+004
  7.5400000e+002  1.7087781e+002  1.9223591e+000  1.1249905e+004
  7.5600000e+002  1.7009885e+002  2.0887288e+000  1.2279500e+004
  7.5800000e+002  1.7455053e+002  2.1719863e+000  1.2443310e+004
  7.6000000e+002  1.8057221e+002  1.9149841e+000  1.0605088e+004
  7.6200000e+002  1.7776022e+002  1.7984518e+000  1.0117291e+004
  7.6400000e+002  1.7898220e+002  1.9735824e+000  1.1026697e+004
  7.6600000e+002  1.7966647e+002  2.0637671e+000  1.1486657e+004
  7.6800000e+002  1.6445850e+002  2.1019364e+000  1.2780953e+004
  7.7000000e+002  1.5103586e+002  2.1884256e+000  1.4489444e+004
  7.7200000e+002  1.5343913e+002  2.1124290e+000  1.3767212e+004
  7.7400000e+002  1.5483817e+002  2.0044411e+000  1.2945394e+004
  7.7600000e+002  1.4965110e+002  2.0664830e+000  1.3808672e+004
  7.7800000e+002  1.4925070e+002  2.1117027e+000  1.4148695e+004
  7.8000000e+002  1.5587108e+002  2.1061478e+000  1.3512114e+004
  7.8200000e+002  1.6668834e+002  2.0653883e+000  1.2390719e+004
  7.8400000e+002  1.7541767e+002  1.8479896e+000  1.0534797e+004
  7.8600000e+002  1.7215816e+002  1.7410086e+000  1.0112844e+004
  7.8800000e+002  1.6403690e+002  1.9977423e+000  1.2178615e+004
  7.9000000e+002  1.7183609e+002  2.2010097e+000  1.2808774e+004
  7.9200000e+002  1.9097552e+002  2.1480659e+000  1.1247860e+004
  7.9400000e+002  1.9012349e+002  2.1345952e+000  1.1227414e+004
  7.9600000e+002  1.6717893e+002  2.1488913e+000  1.2853840e+004
  7.9800000e+002  1.5534152e+002  2.0286387e+000  1.3059218e+004
  8.0000000e+002  1.5879363e+002  1.9630747e+000  1.2362427e+004
  8.0200000e+002  1.5524020e+002  2.0977523e+000  1.3512945e+004
  8.0400000e+002  1.5049204e+002  2.2415814e+000  1.4895016e+004
  8.0600000e+002  1.5529538e+002  2.2425356e+000  1.4440453e+004
  8.0800000e+002  1.5583516e+002  2.1937945e+000  1.4077661e+004
  8.1000000e+002  1.5557800e+002  2.2066734e+000  1.4183711e+004
  8.1200000e+002  1.7032878e+002  2.2218278e+000  1.3044348e+004
  8.1400000e+002  1.7677791e+002  2.1457254e+000  1.2137972e+004
  8.1600000e+002  1.5857809e+002  2.0823260e+000  1.3131234e+004
  8.1800000e+002  1.5567184e+002  2.1242493e+000  1.3645688e+004
  8.2000000e+002  1.7946898e+002  2.1048851e+000  1.1728406e+004
  8.2200000e+002  1.8150525e+002  1.9889192e+000  1.0957916e+004
  8.2400000e+002  1.5627751e+002  2.0153299e+000  1.2895841e+004
  8.2600000e+002  1.4555741e+002  2.1744036e+000  1.4938460e+004
  8.2800000e+002  1.5125324e+002  2.2302300e+000  1.4745006e+004
  8.3000000e+002  1.5328644e+002  2.2011034e+000  1.4359414e+004
  8.3200000e+002  1.5828042e+002  2.1953828e+000  1.3870211e+004
  8.3400000e+002  1.6783990e+002  2.1025822e+000  1.2527308e+004
  8.3600000e+002  1.6651792e+002  1.9049519e+000  1.1439921e+004
  8.3800000e+002  1.6084604e+002  1.8822607e+000  1.1702251e+004
  8.4000000e+002  1.6491669e+002  2.1373660e+000  1.2960277e+004
  8.4200000e+002  1.6562942e+002  2.2704117e+000  1.3707780e+004
  8.4400000e+002  1.5709704e+002  1.9910017e+000  1.2673706e+004
  8.4600000e+002  1.5650821e+002  1.7347362e+000  1.1083995e+004
  8.4800000e+002  1.6206989e+002  1.9394162e+000  1.1966542e+004
  8.5000000e+002  1.5918309e+002  2.2400565e+000  1.4072201e+004
  8.5200000e+002  1.5180726e+002  2.2413311e+000  1.4764321e+004
  8.5400000e+002  1.4715609e+002  2.1521706e+000  1.4625087e+004
  8.5600000e+002  1.4386996e+002  2.1207006e+000  1.4740399e+004
  8.5800000e+002  1.4224092e+002  2.0547480e+000  1.4445548e+004
  8.6000000e+002  1.4277929e+002  2.0395328e+000  1.4284514e+004
  8.6200000e+002  1.4332844e+002  2.1103104e+000  1.4723598e+004
  8.6400000e+002  1.4282324e+002  2.1051180e+000  1.4739324e+004
  8.6600000e+002  1.4151264e+002  2.0569097e+000  1.4535166e+004
  8.6800000e+002  1.4072452e+002  2.1206831e+000  1.5069748e+004
  8.7000000e+002  1.4266999e+002  2.2081637e+000  1.5477422e+004
  8.7200000e+002  1.4566518e+002  2.2013844e+000  1.5112633e+004
  8.7400000e+002  1.4413073e+002  2.1940019e+000  1.5222305e+004
  8.7600000e+002  1.4025822e+002  2.2382967e+000  1.5958399e+004
  8.7800000e+002  1.4078694e+002  2.2607068e+000  1.6057646e+004
  8.8000000e+002  1.4199661e+002  2.2436530e+000  1.5800750e+004
  8.8200000e+002  1.4244633e+002  2.2075208e+000  1.5497211e+004
  8.8400000e+002  1.4708202e+002  2.1745389e+000  1.4784532e+004
  8.8600000e+002  1.4750160e+002  2.1916527e+000  1.4858501e+004
  8.8800000e+002  1.3821742e+002  2.2389540e+000  1.6198783e+004
  8.9000000e+002  1.3134845e+002  2.2473088e+000  1.7109519e+004
  8.9200000e+002  1.3266677e+002  2.2234550e+000  1.6759698e+004
  8.9400000e+002  1.3752519e+002  2.2160152e+000  1.6113522e+004
  8.9600000e+002  1.4172342e+002  2.2244105e+000  1.5695433e+004
  8.9800000e+002  1.4313475e+002  2.2180219e+000  1.5496041e+004
  9.0000000e+002  1.4621116e+002  2.1970218e+000  1.5026362e+004
  9.0200000e+002  1.5302041e+002  2.1888835e+000  1.4304520e+004
  9.0400000e+002  1.5689136e+002  2.1969231e+000  1.4002830e+004
  9.0600000e+002  1.5584997e+002  2.2022310e+000  1.4130455e+004
  9.0800000e+002  1.5212716e+002  2.2052502e+000  1.4496098e+004
  9.1000000e+002  1.4701815e+002  2.2174719e+000  1.5082981e+004
  9.1200000e+002  1.4674362e+002  2.2315414e+000  1.5207076e+004
  9.1400000e+002  1.5173324e+002  2.2275174e+000  1.4680484e+004
  9.1600000e+002  1.4956365e+002  2.2029528e+000  1.4729199e+004
  9.1800000e+002  1.4041446e+002  2.1809376e+000  1.5532144e+004
  9.2000000e+002  1.4023009e+002  2.1771066e+000  1.5525246e+004
  9.2200000e+002  1.4564940e+002  2.1951085e+000  1.5071181e+004
  9.2400000e+002  1.4291887e+002  2.2335989e+000  1.5628439e+004
  9.2600000e+002  1.4255970e+002  2.2404259e+000  1.5715703e+004
  9.2800000e+002  1.5101665e+002  2.1858650e+000  1.4474331e+004
  9.3000000e+002  1.4826451e+002  2.1728750e+000  1.4655395e+004
  9.3200000e+002  1.3438334e+002  2.2431596e+000  1.6692245e+004
  9.3400000e+002  1.3547058e+002  2.2571149e+000  1.6661292e+004
  9.3600000e+002  1.5034930e+002  2.1827586e+000  1.4517917e+004
  9.3800000e+002  1.5620139e+002  2.1573571e+000  1.3811382e+004
  9.4000000e+002  1.5207509e+002  2.2030258e+000  1.4486434e+004
  9.4200000e+002  1.4662275e+002  2.2332087e+000  1.5230984e+004
  9.4400000e+002  1.3858324e+002  2.2302891e+000  1.6093498e+004
  9.4600000e+002  1.3540799e+002  2.2157375e+000  1.6363418e+004
  9.4800000e+002  1.4303242e+002  2.2021844e+000  1.5396400e+004
  9.5000000e+002  1.4426329e+002  2.2054315e+000  1.5287545e+004
  9.5200000e+002  1.3472087e+002  2.2203674e+000  1.6481243e+004
  9.5400000e+002  1.3574389e+002  2.2333176e+000  1.6452436e+004
  9.5600000e+002  1.4527930e+002  2.2542610e+000  1.5516739e+004
  9.5800000e+002  1.4365520e+002  2.2825843e+000  1.5889326e+004
  9.6000000e+002  1.3813098e+002  2.2743584e+000  1.6465230e+004
  9.6200000e+002  1.4146321e+002  2.2140493e+000  1.5651061e+004
  9.6400000e+002  1.4379984e+002  2.1771216e+000  1.5139945e+004
  9.6600000e+002  1.3807170e+002  2.2161319e+000  1.6050587e+004
  9.6800000e+002  1.3406486e+002  2.2666048e+000  1.6906778e+004
  9.7000000e+002  1.3598643e+002  2.2682721e+000  1.6680136e+004
  9.7200000e+002  1.3430956e+002  2.2532197e+000  1.6776317e+004
  9.7400000e+002  1.2786738e+002  2.2555627e+000  1.7639860e+004
  9.7600000e+002  1.2922157e+002  2.2529989e+000  1.7435161e+004
  9.7800000e+002  1.3906365e+002  2.2306811e+000  1.6040720e+004
  9.8000000e+002  1.4311056e+002  2.2223922e+000  1.5529198e+004
  9.8200000e+002  1.3826691e+002  2.2445636e+000  1.6233556e+004
  9.8400000e+002  1.3627623e+002  2.2574162e+000  1.6565003e+004
  9.8600000e+002  1.4060711e+002  2.2467849e+000  1.5979170e+004
  9.8800000e+002  1.4042843e+002  2.2503088e+000  1.6024596e+004
  9.9000000e+002  1.3447067e+002  2.2617332e+000  1.6819528e+004
  9.9200000e+002  1.3611039e+002  2.2429008e+000  1.6478542e+004
  9.9400000e+002  1.4445273e+002  2.2196709e+000  1.5366071e+004
  9.9600000e+002  1.4381110e+002  2.2275857e+000  1.5489665e+004
  9.9800000e+002  1.3498142e+002  2.2467923e+000  1.6645197e+004
  1.0000000e+003  1.3296937e+002  2.2583004e+000  1.6983614e+004
  1.0020000e+003  1.3698764e+002  2.2581117e+000  1.6484054e+004
  1.0040000e+003  1.3393417e+002  2.2496566e+000  1.6796734e+004
  1.0060000e+003  1.2830787e+002  2.2517323e+000  1.7549448e+004
  1.0080000e+003  1.3219973e+002  2.2548741e+000  1.7056571e+004
  1.0100000e+003  1.3639364e+002  2.2441172e+000  1.6453239e+004
  1.0120000e+003  1.3211148e+002  2.2487334e+000  1.7021484e+004
  1.0140000e+003  1.2920903e+002  2.2725249e+000  1.7587973e+004
  1.0160000e+003  1.2938339e+002  2.2718024e+000  1.7558687e+004
  1.0180000e+003  1.2713309e+002  2.2464149e+000  1.7669789e+004
  1.0200000e+003  1.2752112e+002  2.2430048e+000  1.7589281e+004
  1.0220000e+003  1.3208186e+002  2.2675605e+000  1.7167842e+004
  1.0240000e+003  1.3565165e+002  2.2780616e+000  1.6793468e+004
  1.0260000e+003  1.3799558e+002  2.2631456e+000  1.6400131e+004
  1.0280000e+003  1.3885718e+002  2.2552668e+000  1.6241629e+004
  1.0300000e+003  1.3705078e+002  2.2625177e+000  1.6508609e+004
  1.0320000e+003  1.3591790e+002  2.2635289e+000  1.6653648e+004
  1.0340000e+003  1.3725844e+002  2.2586017e+000  1.6455103e+004
  1.0360000e+003  1.3712403e+002  2.2596619e+000  1.6478964e+004
  1.0380000e+003  1.3264299e+002  2.2614804e+000  1.7049377e+004
  1.0400000e+003  1.2784874e+002  2.2615060e+000  1.7688919e+004
  1.0420000e+003  1.2790824e+002  2.2646387e+000  1.7705182e+004
  1.0440000e+003  1.3091920e+002  2.2647531e+000  1.7298861e+004
  1.0460000e+003  1.3323520e+002  2.2569911e+000  1.6939901e+004
  1.0480000e+003  1.3386705e+002  2.2499497e+000  1.6807345e+004
  1.0500000e+003  1.3223613e+002  2.2571436e+000  1.7069039e+004
  1.0520000e+003  1.3468954e+002  2.2572745e+000  1.6759093e+004
  1.0540000e+003  1.4771708e+002  2.1617775e+000  1.4634581e+004
  1.0560000e+003  1.5959456e+002  1.9803462e+000  1.2408607e+004
  1.0580000e+003  1.5409546e+002  1.9474889e+000  1.2638198e+004
  1.0600000e+003  1.3619591e+002  2.1496764e+000  1.5783707e+004
  1.0620000e+003  1.2531973e+002  2.3093184e+000  1.8427413e+004
  1.0640000e+003  1.2915961e+002  2.2905431e+000  1.7734206e+004
  1.0660000e+003  1.3313585e+002  2.2688440e+000  1.7041571e+004
  1.0680000e+003  1.2511017e+002  2.2687128e+000  1.8133720e+004
  1.0700000e+003  1.2021953e+002  2.2010991e+000  1.8308998e+004
  1.0720000e+003  1.3115170e+002  2.1755488e+000  1.6588034e+004
  1.0740000e+003  1.4018000e+002  2.2497268e+000  1.6048843e+004
  1.0760000e+003  1.3778098e+002  2.2772218e+000  1.6527839e+004
  1.0780000e+003  1.3802605e+002  2.2325194e+000  1.6174624e+004
  1.0800000e+003  1.3880367e+002  2.2321945e+000  1.6081668e+004
  1.0820000e+003  1.3189931e+002  2.2683015e+000  1.7197220e+004
  1.0840000e+003  1.3020101e+002  2.2657267e+000  1.7401760e+004
  1.0860000e+003  1.3648394e+002  2.2402148e+000  1.6413761e+004
  1.0880000e+003  1.3612999e+002  2.2360707e+000  1.6425996e+004
  1.0900000e+003  1.3177667e+002  2.2532411e+000  1.7098938e+004
  1.0920000e+003  1.3522152e+002  2.2631722e+000  1.6736775e+004
  1.0940000e+003  1.3955632e+002  2.2552835e+000  1.6160382e+004
  1.0960000e+003  1.3464258e+002  2.2530199e+000  1.6733339e+004
  1.0980000e+003  1.3006385e+002  2.2537190e+000  1.7327789e+004
  1.1000000e+003  1.3521257e+002  2.2334052e+000  1.6517734e+004
  1.1020000e+003  1.3901486e+002  2.2162483e+000  1.5942528e+004
  1.1040000e+003  1.3295965e+002  2.2334499e+000  1.6797953e+004
  1.1060000e+003  1.2815442e+002  2.2592199e+000  1.7628888e+004
  1.1080000e+003  1.3226423e+002  2.2602345e+000  1.7088781e+004
  1.1100000e+003  1.3501225e+002  2.2630864e+000  1.6762082e+004
  1.1120000e+003  1.3155449e+002  2.2946380e+000  1.7442491e+004
  1.1140000e+003  1.3353408e+002  2.3012600e+000  1.7233503e+004
  1.1160000e+003  1.4041066e+002  2.2677927e+000  1.6151143e+004
  1.1180000e+003  1.3790905e+002  2.2749549e+000  1.6496052e+004
  1.1200000e+003  1.3241818e+002  2.2933836e+000  1.7319250e+004
  1.1220000e+003  1.3552881e+002  2.2356400e+000  1.6495681e+004
  1.1240000e+003  1.3421070e+002  2.2060927e+000  1.6437532e+004
  1.1260000e+003  1.2576621e+002  2.2696271e+000  1.8046398e+004
  1.1280000e+003  1.3084977e+002  2.2625800e+000  1.7291433e+004
  1.1300000e+003  1.4466659e+002  2.1792766e+000  1.5064132e+004
  1.1320000e+003  1.4085853e+002  2.2091684e+000  1.5683597e+004
  1.1340000e+003  1.2195043e+002  2.3193471e+000  1.9018769e+004
  1.1360000e+003  1.1282973e+002  2.3409260e+000  2.0747422e+004
  1.1380000e+003  1.2312288e+002  2.2680661e+000  1.8421159e+004
  1.1400000e+003  1.4084291e+002  2.1579163e+000  1.5321441e+004
  1.1420000e+003  1.4926884e+002  2.0218020e+000  1.3544702e+004
  1.1440000e+003  1.4942241e+002  1.9181661e+000  1.2837205e+004
  1.1460000e+003  1.5439402e+002  1.9436782e+000  1.2589077e+004
  1.1480000e+003  1.5590895e+002  2.0907924e+000  1.3410342e+004
  1.1500000e+003  1.3824960e+002  2.2400358e+000  1.6202837e+004
  1.1520000e+003  1.1769651e+002  2.3030149e+000  1.9567402e+004
  1.1540000e+003  1.1425696e+002  2.2919999e+000  2.0060046e+004
  1.1560000e+003  1.1676153e+002  2.2807767e+000  1.9533631e+004
  1.1580000e+003  1.1673320e+002  2.3039813e+000  1.9737155e+004
  1.1600000e+003  1.2501205e+002  2.2942991e+000  1.8352624e+004
  1.1620000e+003  1.3762693e+002  2.2244551e+000  1.6162935e+004
  1.1640000e+003  1.3889065e+002  2.2038386e+000  1.5867437e+004
  1.1660000e+003  1.3540183e+002  2.2510010e+000  1.6624598e+004
  1.1680000e+003  1.4062688e+002  2.2362965e+000  1.5902340e+004
  1.1700000e+003  1.4482896e+002  2.1924613e+000  1.5138280e+004
  1.1720000e+003  1.3837686e+002  2.2473277e+000  1.6240632e+004
  1.1740000e+003  1.3403052e+002  2.3005995e+000  1.7164744e+004
  1.1760000e+003  1.3844950e+002  2.2589105e+000  1.6315772e+004
  1.1780000e+003  1.3728843e+002  2.2578993e+000  1.6446392e+004
  1.1800000e+003  1.2740069e+002  2.3245675e+000  1.8246114e+004
  1.1820000e+003  1.2588007e+002  2.3265434e+000  1.8482222e+004
  1.1840000e+003  1.3458751e+002  2.2843469e+000  1.6972949e+004
  1.1860000e+003  1.3746613e+002  2.2912243e+000  1.6667555e+004
  1.1880000e+003  1.3332469e+002  2.3158233e+000  1.7369801e+004
  1.1900000e+003  1.3061552e+002  2.3143741e+000  1.7718982e+004
  1.1920000e+003  1.2866012e+002  2.3072374e+000  1.7932809e+004
  1.1940000e+003  1.2759949e+002  2.3080846e+000  1.8088510e+004
  1.1960000e+003  1.2770265e+002  2.3153780e+000  1.8131010e+004
  1.1980000e+003  1.2554243e+002  2.3138683e+000  1.8430966e+004
  1.2000000e+003  1.2581620e+002  2.2856375e+000  1.8166480e+004
  1.2020000e+003  1.2991742e+002  2.2658943e+000  1.7441035e+004
  1.2040000e+003  1.2938156e+002  2.2864957e+000  1.7672501e+004
  1.2060000e+003  1.2835488e+002  2.3029450e+000  1.7942014e+004
  1.2080000e+003  1.3290371e+002  2.2890232e+000  1.7223170e+004
  1.2100000e+003  1.3344652e+002  2.2852859e+000  1.7125107e+004
  1.2120000e+003  1.3082141e+002  2.2998493e+000  1.7580068e+004
  1.2140000e+003  1.3473192e+002  2.3070866e+000  1.7123534e+004
  1.2160000e+003  1.3616689e+002  2.3143856e+000  1.6996684e+004
  1.2180000e+003  1.2807908e+002  2.3216536e+000  1.8126720e+004
  1.2200000e+003  1.2337188e+002  2.3163533e+000  1.8775375e+004
  1.2220000e+003  1.2900817e+002  2.3082267e+000  1.7892097e+004
  1.2240000e+003  1.3651438e+002  2.2759417e+000  1.6671809e+004
  1.2260000e+003  1.3825203e+002  2.2152388e+000  1.6023192e+004
  1.2280000e+003  1.3518465e+002  2.2037909e+000  1.6302079e+004
  1.2300000e+003  1.3366002e+002  2.2523594e+000  1.6851407e+004
  1.2320000e+003  1.3470470e+002  2.2913951e+000  1.7010506e+004
  1.2340000e+003  1.3209821e+002  2.3160047e+000  1.7532446e+004
  1.2360000e+003  1.2771379e+002  2.3145109e+000  1.8122639e+004
  1.2380000e+003  1.2901086e+002  2.2562867e+000  1.7489122e+004
  1.2400000e+003  1.3227573e+002  2.2135387e+000  1.6734277e+004
  1.2420000e+003  1.3175907e+002  2.2349941e+000  1.6962734e+004
  1.2440000e+003  1.3002671e+002  2.2604661e+000  1.7384629e+004
  1.2460000e+003  1.2726629e+002  2.2820545e+000  1.7931335e+004
  1.2480000e+003  1.2297670e+002  2.3292898e+000  1.8940903e+004
  1.2500000e+003  1.2291335e+002  2.3614065e+000  1.9211961e+004
  1.2520000e+003  1.2717693e+002  2.3551788e+000  1.8518915e+004
  1.2540000e+003  1.2890829e+002  2.3390781e+000  1.8145288e+004
  1.2560000e+003  1.2883516e+002  2.3230129e+000  1.8030892e+004
  1.2580000e+003  1.3148793e+002  2.3119990e+000  1.7583355e+004
  1.2600000e+003  1.3443938e+002  2.3107049e+000  1.7187709e+004
  1.2620000e+003  1.3459971e+002  2.3026253e+000  1.7107208e+004
  1.2640000e+003  1.3256861e+002  2.2951198e+000  1.7312694e+004
  1.2660000e+003  1.2960186e+002  2.3123053e+000  1.7841606e+004
  1.2680000e+003  1.2958387e+002  2.3281322e+000  1.7966219e+004
  1.2700000e+003  1.3296087e+002  2.3162339e+000  1.7420418e+004
  1.2720000e+003  1.3085616e+002  2.3231591e+000  1.7753533e+004
  1.2740000e+003  1.2195456e+002  2.3697470e+000  1.9431393e+004
  1.2760000e+003  1.1867793e+002  2.3863748e+000  2.0107991e+004
  1.2780000e+003  1.2528322e+002  2.3466357e+000  1.8730646e+004
  1.2800000e+003  1.3190594e+002  2.3162937e+000  1.7560193e+004
  1.2820000e+003  1.3051358e+002  2.3305857e+000  1.7857036e+004
  1.2840000e+003  1.2376391e+002  2.3539318e+000  1.9019533e+004
  1.2860000e+003  1.1958142e+002  2.3594200e+000  1.9730657e+004
  1.2880000e+003  1.1930664e+002  2.3627243e+000  1.9803795e+004
  1.2900000e+003  1.1966159e+002  2.3713431e+000  1.9817078e+004
  1.2920000e+003  1.2181518e+002  2.3676313e+000  1.9436258e+004
  1.2940000e+003  1.2586445e+002  2.3562686e+000  1.8720684e+004
  1.2960000e+003  1.2897014e+002  2.3565116e+000  1.8271761e+004
  1.2980000e+003  1.2978013e+002  2.3582025e+000  1.8170752e+004
  1.3000000e+003  1.2611535e+002  2.3556376e+000  1.8678437e+004
  1.3020000e+003  1.2037962e+002  2.3675492e+000  1.9667359e+004
  1.3040000e+003  1.1952181e+002  2.3769665e+000  1.9887303e+004
  1.3060000e+003  1.2037831e+002  2.3626236e+000  1.9626655e+004
  1.3080000e+003  1.1681157e+002  2.3647797e+000  2.0244396e+004
  1.3100000e+003  1.1663843e+002  2.3855466e+000  2.0452492e+004
  1.3120000e+003  1.2592784e+002  2.3651655e+000  1.8781911e+004
  1.3140000e+003  1.3194581e+002  2.3307796e+000  1.7664673e+004
  1.3160000e+003  1.2386875e+002  2.3452053e+000  1.8932986e+004
  1.3180000e+003  1.1221776e+002  2.3719928e+000  2.1137410e+004
  1.3200000e+003  1.1210405e+002  2.3711226e+000  2.1151088e+004
  1.3220000e+003  1.2331702e+002  2.3490324e+000  1.9048728e+004
  1.3240000e+003  1.3312146e+002  2.3081387e+000  1.7338592e+004
  1.3260000e+003  1.2981691e+002  2.2975890e+000  1.7698688e+004
  1.3280000e+003  1.1816718e+002  2.3441608e+000  1.9837664e+004
  1.3300000e+003  1.1501954e+002  2.3721566e+000  2.0623944e+004
  1.3320000e+003  1.1982484e+002  2.3746899e+000  1.9818010e+004
  1.3340000e+003  1.1803992e+002  2.4076232e+000  2.0396686e+004
  1.3360000e+003  1.1550783e+002  2.4149193e+000  2.0906975e+004
  1.3380000e+003  1.2193458e+002  2.3770142e+000  1.9494176e+004
  1.3400000e+003  1.2405510e+002  2.3759308e+000  1.9152222e+004
  1.3420000e+003  1.2023461e+002  2.3748227e+000  1.9751573e+004
  1.3440000e+003  1.2451458e+002  2.3332456e+000  1.8738734e+004
  1.3460000e+003  1.2719319e+002  2.3514750e+000  1.8487428e+004
  1.3480000e+003  1.2067015e+002  2.3912635e+000  1.9816529e+004
  1.3500000e+003  1.2199010e+002  2.3306676e+000  1.9105383e+004
  1.3520000e+003  1.3027448e+002  2.2787090e+000  1.7491599e+004
  1.3540000e+003  1.3028020e+002  2.3152482e+000  1.7771298e+004
  1.3560000e+003  1.2592285e+002  2.3227092e+000  1.8445494e+004
  1.3580000e+003  1.2448918e+002  2.3039129e+000  1.8506933e+004
  1.3600000e+003  1.2563666e+002  2.3293760e+000  1.8540576e+004
  1.3620000e+003  1.2577053e+002  2.3563521e+000  1.8735328e+004
  1.3640000e+003  1.1845295e+002  2.3718214e+000  2.0023321e+004
  1.3660000e+003  1.1178441e+002  2.3756747e+000  2.1252290e+004
  1.3680000e+003  1.1841371e+002  2.3455801e+000  1.9808349e+004
  1.3700000e+003  1.2699133e+002  2.3315649e+000  1.8360032e+004
  1.3720000e+003  1.2519443e+002  2.3393519e+000  1.8685751e+004
  1.3740000e+003  1.2090570e+002  2.3272268e+000  1.9248280e+004
  1.3760000e+003  1.1892541e+002  2.3478817e+000  1.9742473e+004
  1.3780000e+003  1.1645104e+002  2.3990555e+000  2.0601409e+004
  1.3800000e+003  1.1600175e+002  2.3909709e+000  2.0611507e+004
  1.3820000e+003  1.1932017e+002  2.3613034e+000  1.9789642e+004
  1.3840000e+003  1.2530497e+002  2.3680074e+000  1.8897953e+004
  1.3860000e+003  1.3118797e+002  2.3553330e+000  1.7953879e+004
  1.3880000e+003  1.3007788e+002  2.3287297e+000  1.7902580e+004
  1.3900000e+003  1.2575144e+002  2.3351792e+000  1.8569801e+004
  1.3920000e+003  1.2927788e+002  2.3492720e+000  1.8172266e+004
  1.3940000e+003  1.3302476e+002  2.3761268e+000  1.7862290e+004
  1.3960000e+003  1.2739222e+002  2.3976593e+000  1.8821081e+004
  1.3980000e+003  1.2308729e+002  2.3438096e+000  1.9041849e+004
  1.4000000e+003  1.2466258e+002  2.2970524e+000  1.8426158e+004
  1.4020000e+003  1.2341830e+002  2.3433011e+000  1.8986658e+004
  1.4040000e+003  1.2330492e+002  2.3579557e+000  1.9122965e+004
  1.4060000e+003  1.2896547e+002  2.3039264e+000  1.7864676e+004
  1.4080000e+003  1.2751560e+002  2.3256886e+000  1.8238463e+004
  1.4100000e+003  1.1838468e+002  2.3995012e+000  2.0268680e+004
  1.4120000e+003  1.1850411e+002  2.3829271e+000  2.0108392e+004
  1.4140000e+003  1.2314756e+002  2.3340928e+000  1.8953626e+004
  1.4160000e+003  1.1764370e+002  2.3627276e+000  2.0083758e+004
  1.4180000e+003  1.1153261e+002  2.4030621e+000  2.1545825e+004
  1.4200000e+003  1.1629658e+002  2.4005701e+000  2.0641794e+004
  1.4220000e+003  1.2279218e+002  2.4033098e+000  1.9572173e+004
  1.4240000e+003  1.2094851e+002  2.4080051e+000  1.9909341e+004
  1.4260000e+003  1.1711356e+002  2.3895160e+000  2.0403410e+004
  1.4280000e+003  1.2031745e+002  2.3616645e+000  1.9628612e+004
  1.4300000e+003  1.2190916e+002  2.3456464e+000  1.9240936e+004
  1.4320000e+003  1.1252834e+002  2.3965788e+000  2.1297558e+004
  1.4340000e+003  1.0722317e+002  2.4369919e+000  2.2728221e+004
  1.4360000e+003  1.2008030e+002  2.2405237e+000  1.8658545e+004
  1.4380000e+003  1.3625068e+002  1.9580911e+000  1.4371239e+004
  1.4400000e+003  1.3646419e+002  2.0250813e+000  1.4839654e+004
  1.4420000e+003  1.2356023e+002  2.3424941e+000  1.8958318e+004
  1.4440000e+003  1.1156083e+002  2.4789722e+000  2.2220812e+004
  1.4460000e+003  1.1017580e+002  2.4286160e+000  2.2043098e+004
  1.4480000e+003  1.2039854e+002  2.3643746e+000  1.9637901e+004
  1.4500000e+003  1.2961838e+002  2.2881056e+000  1.7652632e+004
  1.4520000e+003  1.2391982e+002  2.2648920e+000  1.8277076e+004
  1.4540000e+003  1.1161995e+002  2.3559084e+000  2.1106517e+004
  1.4560000e+003  1.0880908e+002  2.4479047e+000  2.2497247e+004
  1.4580000e+003  1.1135253e+002  2.4667070e+000  2.2152231e+004
  1.4600000e+003  1.0997355e+002  2.4355126e+000  2.2146349e+004
  1.4620000e+003  1.0845736e+002  2.3626649e+000  2.1784274e+004
  1.4640000e+003  1.1054360e+002  2.3138971e+000  2.0931986e+004
  1.4660000e+003  1.1323907e+002  2.3713209e+000  2.0940837e+004
  1.4680000e+003  1.1439246e+002  2.4404942e+000  2.1334397e+004
  1.4700000e+003  1.1450782e+002  2.3814112e+000  2.0796931e+004
  1.4720000e+003  1.1387655e+002  2.2788744e+000  2.0011797e+004
  1.4740000e+003  1.1134180e+002  2.2819246e+000  2.0494770e+004
  1.4760000e+003  1.0783050e+002  2.3479040e+000  2.1774025e+004
  1.4780000e+003  1.0793673e+002  2.3818508e+000  2.2067102e+004
  1.4800000e+003  1.1260044e+002  2.3863934e+000  2.1193464e+004
  1.4820000e+003  1.1653462e+002  2.3726300e+000  2.0359872e+004
  1.4840000e+003  1.1642322e+002  2.3278824e+000  1.9995001e+004
  1.4860000e+003  1.1335001e+002  2.2959386e+000  2.0255301e+004
  1.4880000e+003  1.1010040e+002  2.3356405e+000  2.1213733e+004
  1.4900000e+003  1.1171758e+002  2.3867683e+000  2.1364304e+004
  1.4920000e+003  1.1688864e+002  2.3777761e+000  2.0342234e+004
  1.4940000e+003  1.1460402e+002  2.3860455e+000  2.0819911e+004
  1.4960000e+003  1.0545376e+002  2.4565392e+000  2.3294942e+004
  1.4980000e+003  1.0215129e+002  2.4943839e+000  2.4418526e+004
  1.5000000e+003  1.0365575e+002  2.4374076e+000  2.3514447e+004
  1.5020000e+003  1.0710626e+002  2.3287968e+000  2.1742864e+004
  1.5040000e+003  1.2341751e+002  2.2790196e+000  1.8465934e+004
  1.5060000e+003  1.4906273e+002  2.3301605e+000  1.5632080e+004
  1.5080000e+003  1.6617836e+002  2.3711254e+000  1.4268557e+004
  1.5100000e+003  1.7042237e+002  2.3669515e+000  1.3888737e+004
  1.5120000e+003  1.6729478e+002  2.3864388e+000  1.4264873e+004
  1.5140000e+003  1.6209667e+002  2.3645340e+000  1.4587184e+004
  1.5160000e+003  1.5282139e+002  2.2595275e+000  1.4785414e+004
  1.5180000e+003  1.3166012e+002  2.2112579e+000  1.6795199e+004
  1.5200000e+003  1.0827459e+002  2.2739633e+000  2.1001819e+004
  1.5220000e+003  1.0215262e+002  2.3227324e+000  2.2737864e+004
  1.5240000e+003  1.1550209e+002  2.2618914e+000  1.9583121e+004
  1.5260000e+003  1.3554561e+002  2.1546435e+000  1.5896077e+004
  1.5280000e+003  1.4476567e+002  2.1300825e+000  1.4714003e+004
  1.5300000e+003  1.4690888e+002  2.1527281e+000  1.4653492e+004
  1.5320000e+003  1.6372989e+002  2.1166008e+000  1.2927394e+004
  1.5340000e+003  1.7315073e+002  2.1177262e+000  1.2230536e+004
  1.5360000e+003  1.4692480e+002  2.2073134e+000  1.5023423e+004
  1.5380000e+003  1.2673200e+002  2.2311318e+000  1.7605118e+004
  1.5400000e+003  1.3387944e+002  2.2176284e+000  1.6564369e+004
  1.5420000e+003  1.2373046e+002  2.2990048e+000  1.8580750e+004
  1.5440000e+003  1.0076402e+002  2.3410430e+000  2.3232926e+004
  1.5460000e+003  1.0559884e+002  2.2577152e+000  2.1380114e+004
  1.5480000e+003  1.1384906e+002  2.2463560e+000  1.9731002e+004
  1.5500000e+003  9.7881127e+001  2.3431360e+000  2.3938588e+004
  1.5520000e+003  9.7084757e+001  2.3311147e+000  2.4011130e+004
  1.5540000e+003  1.2527349e+002  2.2119082e+000  1.7656634e+004
  1.5560000e+003  1.3133483e+002  2.1815501e+000  1.6610598e+004
  1.5580000e+003  1.0978836e+002  2.2321386e+000  2.0331286e+004
  1.5600000e+003  1.0566030e+002  2.2593374e+000  2.1383030e+004
  1.5620000e+003  1.1524409e+002  2.2526214e+000  1.9546524e+004
  1.5640000e+003  1.1347969e+002  2.1892390e+000  1.9291901e+004
  1.5660000e+003  1.0886637e+002  2.1228471e+000  1.9499567e+004
  1.5680000e+003  1.0789220e+002  2.1857306e+000  2.0258467e+004
  1.5700000e+003  1.0581599e+002  2.3068763e+000  2.1800829e+004
  1.5720000e+003  1.0489184e+002  2.3147154e+000  2.2067640e+004
  1.5740000e+003  1.0499540e+002  2.2436380e+000  2.1368917e+004
  1.5760000e+003  1.0399778e+002  2.2049378e+000  2.1201778e+004
  1.5780000e+003  1.0345986e+002  2.1653220e+000  2.0929102e+004
  1.5800000e+003  1.0682953e+002  2.0864688e+000  1.9530824e+004
  1.5820000e+003  1.1720395e+002  2.0818535e+000  1.7762656e+004
  1.5840000e+003  1.2306113e+002  2.2013798e+000  1.7888506e+004
  1.5860000e+003  1.0859942e+002  2.2699424e+000  2.0901975e+004
  1.5880000e+003  8.9339108e+001  2.2079628e+000  2.4714404e+004
  1.5900000e+003  9.1166135e+001  2.1834900e+000  2.3950670e+004
  1.5920000e+003  1.0438060e+002  2.2604725e+000  2.1656060e+004
  1.5940000e+003  1.0429772e+002  2.3232209e+000  2.2274896e+004
  1.5960000e+003  9.0392769e+001  2.3346908e+000  2.5828292e+004
  1.5980000e+003  7.8134755e+001  2.3185882e+000  2.9674224e+004
  1.6000000e+003  7.5873350e+001  2.2383102e+000  2.9500611e+004
  1.6020000e+003  7.9996902e+001  2.0994773e+000  2.6244483e+004
  1.6040000e+003  8.9536700e+001  2.0113959e+000  2.2464486e+004
  1.6060000e+003  1.1544034e+002  2.0240387e+000  1.7533201e+004
  1.6080000e+003  1.5256753e+002  2.0900277e+000  1.3699033e+004
  1.6100000e+003  1.7298787e+002  2.1709974e+000  1.2549998e+004
  1.6120000e+003  1.6811606e+002  2.1690978e+000  1.2902383e+004
  1.6140000e+003  1.4685726e+002  2.0338722e+000  1.3849313e+004
  1.6160000e+003  1.1849083e+002  1.9539470e+000  1.6490280e+004
  1.6180000e+003  1.0564448e+002  2.0452699e+000  1.9359932e+004
  1.6200000e+003  1.1779372e+002  2.1527591e+000  1.8275670e+004
  1.6220000e+003  1.4196888e+002  2.1259722e+000  1.4974917e+004
  1.6240000e+003  1.6802533e+002  1.9786267e+000  1.1775764e+004
  1.6260000e+003  1.6743674e+002  1.9058467e+000  1.1382488e+004
  1.6280000e+003  1.2773982e+002  2.0517116e+000  1.6061645e+004
  1.6300000e+003  1.0672308e+002  2.1984994e+000  2.0600037e+004
  1.6320000e+003  1.3047191e+002  2.1162298e+000  1.6219812e+004
  1.6340000e+003  1.3638911e+002  1.9938241e+000  1.4618646e+004
  1.6360000e+003  1.0170155e+002  2.1080177e+000  2.0727488e+004
  1.6380000e+003  8.2667801e+001  2.3263801e+000  2.8141309e+004
  1.6400000e+003  1.0335348e+002  2.3221778e+000  2.2468308e+004
  1.6420000e+003  1.2421377e+002  2.1631845e+000  1.7415014e+004
  1.6440000e+003  1.1960806e+002  2.1371244e+000  1.7867729e+004
  1.6460000e+003  1.0695364e+002  2.2228414e+000  2.0783223e+004
  1.6480000e+003  9.4978024e+001  2.3305841e+000  2.4538141e+004
  1.6500000e+003  7.6606832e+001  2.4868546e+000  3.2462569e+004
  1.6520000e+003  6.8153985e+001  2.5474998e+000  3.7378589e+004
  1.6540000e+003  8.4145870e+001  2.4254462e+000  2.8824305e+004
  1.6560000e+003  1.0585280e+002  2.2815790e+000  2.1554262e+004
  1.6580000e+003  1.1420150e+002  2.1768189e+000  1.9061211e+004
  1.6600000e+003  1.0849387e+002  2.1394361e+000  1.9719419e+004
  1.6620000e+003  1.0570919e+002  2.2177696e+000  2.0979913e+004
  1.6640000e+003  1.2847217e+002  2.2069066e+000  1.7178091e+004
  1.6660000e+003  1.4996057e+002  2.0699465e+000  1.3803272e+004
  1.6680000e+003  1.2912413e+002  2.0991678e+000  1.6256975e+004
  1.6700000e+003  1.0509077e+002  2.2390564e+000  2.1305928e+004
  1.6720000e+003  1.1272680e+002  2.2830084e+000  2.0252579e+004
  1.6740000e+003  1.0515000e+002  2.3670035e+000  2.2510732e+004
  1.6760000e+003  8.1206608e+001  2.4525866e+000  3.0201811e+004
  1.6780000e+003  9.4514912e+001  2.2914726e+000  2.4244562e+004
  1.6800000e+003  1.1742352e+002  2.1042071e+000  1.7919809e+004
  1.6820000e+003  9.9747493e+001  2.2419776e+000  2.2476531e+004
  1.6840000e+003  7.5262373e+001  2.4875406e+000  3.3051583e+004
  1.6860000e+003  7.8481308e+001  2.5018651e+000  3.1878484e+004
  1.6880000e+003  8.6127060e+001  2.4077915e+000  2.7956272e+004
  1.6900000e+003  8.2215363e+001  2.4137635e+000  2.9359032e+004
  1.6920000e+003  7.6469683e+001  2.4162077e+000  3.1596936e+004
  1.6940000e+003  7.7789477e+001  2.2785914e+000  2.9291769e+004
  1.6960000e+003  9.1210033e+001  2.1063292e+000  2.3093174e+004
  1.6980000e+003  1.0773342e+002  2.0323431e+000  1.8864556e+004
  1.7000000e+003  1.1091915e+002  2.0208071e+000  1.8218740e+004
  1.7020000e+003  1.0304485e+002  2.0406333e+000  1.9803351e+004
  1.7040000e+003  9.6033845e+001  2.0924701e+000  2.1788882e+004
  1.7060000e+003  9.5993253e+001  2.0965410e+000  2.1840504e+004
  1.7080000e+003  1.0112218e+002  2.0911695e+000  2.0679632e+004
  1.7100000e+003  9.9759507e+001  2.1623122e+000  2.1675249e+004
  1.7120000e+003  9.3046635e+001  2.1509876e+000  2.3117307e+004
  1.7140000e+003  9.2725745e+001  2.0789689e+000  2.2420622e+004
  1.7160000e+003  8.8592823e+001  2.2288642e+000  2.5158519e+004
  1.7180000e+003  7.6885035e+001  2.4003455e+000  3.1219931e+004
  1.7200000e+003  7.5939463e+001  2.3295456e+000  3.0676351e+004
  1.7220000e+003  7.9679266e+001  2.3466669e+000  2.9451412e+004
  1.7240000e+003  7.5080606e+001  2.4848321e+000  3.3095525e+004
  1.7260000e+003  7.6356930e+001  2.3656220e+000  3.0981104e+004
  1.7280000e+003  8.5244320e+001  2.1780277e+000  2.5550414e+004
  1.7300000e+003  8.7442181e+001  2.2255193e+000  2.5451324e+004
  1.7320000e+003  8.7415935e+001  2.3005311e+000  2.6317068e+004
  1.7340000e+003  8.8527818e+001  2.3124379e+000  2.6121031e+004
  1.7360000e+003  8.2459377e+001  2.3886944e+000  2.8968135e+004
  1.7380000e+003  7.7767778e+001  2.4251205e+000  3.1184130e+004
  1.7400000e+003  8.4232884e+001  2.3631800e+000  2.8055314e+004
  1.7420000e+003  8.6093377e+001  2.3497381e+000  2.7292902e+004
  1.7440000e+003  7.6449315e+001  2.3677035e+000  3.0970892e+004
  1.7460000e+003  7.3583597e+001  2.3378148e+000  3.1770869e+004
  1.7480000e+003  8.1109504e+001  2.3248116e+000  2.8662629e+004
  1.7500000e+003  8.7001320e+001  2.2898408e+000  2.6319610e+004
  1.7520000e+003  8.9329232e+001  2.1976094e+000  2.4601235e+004
  1.7540000e+003  8.5730017e+001  2.2354941e+000  2.6075979e+004
  1.7560000e+003  7.6241953e+001  2.4077197e+000  3.1579985e+004
  1.7580000e+003  7.5052587e+001  2.4435380e+000  3.2557679e+004
  1.7600000e+003  8.4730850e+001  2.2952921e+000  2.7089214e+004
  1.7620000e+003  8.9545117e+001  2.1784834e+000  2.4328333e+004
  1.7640000e+003  8.4861204e+001  2.2179829e+000  2.6136595e+004
  1.7660000e+003  8.1267843e+001  2.3297463e+000  2.8667505e+004
  1.7680000e+003  8.2042051e+001  2.3916818e+000  2.9151902e+004
  1.7700000e+003  7.9695652e+001  2.4050442e+000  3.0177860e+004
  1.7720000e+003  7.6164295e+001  2.3808888e+000  3.1259907e+004
  1.7740000e+003  7.8747067e+001  2.3252193e+000  2.9527694e+004
  1.7760000e+003  8.0170178e+001  2.3312476e+000  2.9078738e+004
  1.7780000e+003  7.8171690e+001  2.3191092e+000  2.9666868e+004
  1.7800000e+003  8.7455887e+001  2.0878571e+000  2.3873260e+004
  1.7820000e+003  1.0285141e+002  1.8458586e+000  1.7946848e+004
  1.7840000e+003  9.7423167e+001  1.9754191e+000  2.0276687e+004
  1.7860000e+003  7.4860496e+001  2.3052757e+000  3.0794288e+004
  1.7880000e+003  6.9971625e+001  2.3738160e+000  3.3925409e+004
  1.7900000e+003  8.5872751e+001  2.2199830e+000  2.5852007e+004
  1.7920000e+003  9.2317938e+001  2.1985555e+000  2.3815041e+004
  1.7940000e+003  8.6744347e+001  2.2825533e+000  2.6313568e+004
  1.7960000e+003  8.7920607e+001  2.2697403e+000  2.5815794e+004
  1.7980000e+003  9.0874849e+001  2.2660389e+000  2.4935820e+004
  1.8000000e+003  8.7198609e+001  2.3420790e+000  2.6859133e+004
  1.8020000e+003  8.6289278e+001  2.3609714e+000  2.7361121e+004
  1.8040000e+003  8.5668281e+001  2.3816436e+000  2.7800763e+004
  1.8060000e+003  7.5964674e+001  2.4513553e+000  3.2269674e+004
  1.8080000e+003  7.1649686e+001  2.3517597e+000  3.2823029e+004
  1.8100000e+003  8.2833511e+001  2.1346340e+000  2.5770174e+004
  1.8120000e+003  9.1961301e+001  2.1007916e+000  2.2844301e+004
  1.8140000e+003  9.1427565e+001  2.1977865e+000  2.4038554e+004
  1.8160000e+003  9.1383089e+001  2.2323392e+000  2.4428362e+004
  1.8180000e+003  9.0900231e+001  2.2389122e+000  2.4630435e+004
  1.8200000e+003  8.6314193e+001  2.2886463e+000  2.6515295e+004
  1.8220000e+003  8.4798383e+001  2.3318268e+000  2.7498482e+004
  1.8240000e+003  8.9585768e+001  2.2245678e+000  2.4831710e+004
  1.8260000e+003  9.3142650e+001  2.0420022e+000  2.1923385e+004
  1.8280000e+003  8.8530431e+001  2.1394589e+000  2.4166367e+004
  1.8300000e+003  8.1081258e+001  2.3895247e+000  2.9470740e+004
  1.8320000e+003  8.1954510e+001  2.2730569e+000  2.7735593e+004
  1.8340000e+003  8.9251848e+001  1.9696572e+000  2.2068531e+004
  1.8360000e+003  9.2401338e+001  1.9652784e+000  2.1268939e+004
  1.8380000e+003  9.0780525e+001  2.0624854e+000  2.2719470e+004
  1.8400000e+003  8.9667568e+001  1.9864760e+000  2.2153785e+004
  1.8420000e+003  8.9808725e+001  1.9548673e+000  2.1767009e+004
  1.8440000e+003  9.2244262e+001  2.0639608e+000  2.2374951e+004
  1.8460000e+003  9.7855613e+001  2.1352712e+000  2.1820631e+004
  1.8480000e+003  9.8331696e+001  2.2049540e+000  2.2423634e+004
  1.8500000e+003  8.8672893e+001  2.3254368e+000  2.6224889e+004
  1.8520000e+003  8.3542888e+001  2.2542427e+000  2.6983059e+004
  1.8540000e+003  9.0498284e+001  2.0581569e+000  2.2742496e+004
  1.8560000e+003  9.2389841e+001  2.1171027e+000  2.2914886e+004
  1.8580000e+003  8.6226922e+001  2.2236974e+000  2.5788899e+004
  1.8600000e+003  8.7559417e+001  2.0765900e+000  2.3716353e+004
  1.8620000e+003  9.2259267e+001  2.0688757e+000  2.2424584e+004
  1.8640000e+003  9.1088052e+001  2.3193943e+000  2.5463211e+004
  1.8660000e+003  9.0501205e+001  2.3417038e+000  2.5874836e+004
  1.8680000e+003  9.0239409e+001  2.1461897e+000  2.3783286e+004
  1.8700000e+003  8.6025110e+001  2.1296358e+000  2.4755979e+004
  1.8720000e+003  8.5812596e+001  2.2155070e+000  2.5817970e+004
  1.8740000e+003  9.1008038e+001  2.1728006e+000  2.3874821e+004
  1.8760000e+003  9.0435674e+001  2.1194369e+000  2.3435850e+004
  1.8780000e+003  8.4695374e+001  2.1889877e+000  2.5845422e+004
  1.8800000e+003  8.3749555e+001  2.2747036e+000  2.7160784e+004
  1.8820000e+003  8.4137718e+001  2.2791835e+000  2.7088725e+004
  1.8840000e+003  8.1350078e+001  2.2082880e+000  2.7145493e+004
  1.8860000e+003  8.4215481e+001  2.1126003e+000  2.5085653e+004
  1.8880000e+003  9.0989619e+001  2.1454887e+000  2.3579489e+004
  1.8900000e+003  9.0055319e+001  2.3070490e+000  2.5618131e+004
  1.8920000e+003  8.7155819e+001  2.3429848e+000  2.6882712e+004
  1.8940000e+003  8.8209709e+001  2.2743408e+000  2.5783339e+004
  1.8960000e+003  8.3219554e+001  2.3327157e+000  2.8030860e+004
  1.8980000e+003  7.5939118e+001  2.3945377e+000  3.1532335e+004
  1.9000000e+003  8.0485026e+001  2.3041634e+000  2.8628473e+004
  1.9020000e+003  8.4759606e+001  2.2668042e+000  2.6743921e+004
  1.9040000e+003  7.3736890e+001  2.3675479e+000  3.2108052e+004
  1.9060000e+003  6.5904396e+001  2.4020751e+000  3.6447874e+004
  1.9080000e+003  7.5435303e+001  2.3435712e+000  3.1067300e+004
  1.9100000e+003  8.4213390e+001  2.3449993e+000  2.7845920e+004
  1.9120000e+003  8.1901536e+001  2.3798891e+000  2.9057930e+004
  1.9140000e+003  7.9850457e+001  2.3291388e+000  2.9168760e+004
  1.9160000e+003  8.2015238e+001  2.2570159e+000  2.7519470e+004
  1.9180000e+003  8.3179166e+001  2.2734849e+000  2.7332384e+004
  1.9200000e+003  8.2756062e+001  2.2992139e+000  2.7783027e+004
  1.9220000e+003  8.0985136e+001  2.2723408e+000  2.8058739e+004
  1.9240000e+003  7.7211925e+001  2.3034029e+000  2.9832217e+004
  1.9260000e+003  7.5511162e+001  2.3880984e+000  3.1625767e+004
  1.9280000e+003  7.8306381e+001  2.3861055e+000  3.0471406e+004
  1.9300000e+003  8.0939870e+001  2.2957638e+000  2.8363819e+004
  1.9320000e+003  8.1537250e+001  2.2018636e+000  2.7004389e+004
  1.9340000e+003  8.2412502e+001  2.1582235e+000  2.6188059e+004
  1.9360000e+003  8.2952540e+001  2.1636503e+000  2.6082990e+004
  1.9380000e+003  8.3503116e+001  2.1369024e+000  2.5590691e+004
  1.9400000e+003  8.5215226e+001  2.1084786e+000  2.4742980e+004
  1.9420000e+003  8.4943259e+001  2.1919481e+000  2.5804851e+004
  1.9440000e+003  8.3554688e+001  2.2776539e+000  2.7259439e+004
  1.9460000e+003  8.7796396e+001  2.1936676e+000  2.4985850e+004
  1.9480000e+003  9.3793283e+001  2.0286123e+000  2.1628546e+004
  1.9500000e+003  9.0398260e+001  2.0176261e+000  2.2319302e+004
  1.9520000e+003  8.2661682e+001  2.2045512e+000  2.6669566e+004
  1.9540000e+003  8.2707626e+001  2.3305689e+000  2.8178404e+004
  1.9560000e+003  8.5767897e+001  2.2499809e+000  2.6233369e+004
  1.9580000e+003  8.4549847e+001  2.1917043e+000  2.5922037e+004
  1.9600000e+003  8.4132732e+001  2.2568595e+000  2.6824988e+004
  1.9620000e+003  8.6037255e+001  2.2188730e+000  2.5789677e+004
  1.9640000e+003  8.6396991e+001  2.0534955e+000  2.3768137e+004
  1.9660000e+003  8.6869524e+001  2.0008744e+000  2.3033100e+004
  1.9680000e+003  8.8302300e+001  2.0998811e+000  2.3780593e+004
  1.9700000e+003  8.8315793e+001  2.1898527e+000  2.4795709e+004
  1.9720000e+003  8.6655439e+001  2.2430589e+000  2.5884802e+004
  1.9740000e+003  8.3297569e+001  2.3340609e+000  2.8020757e+004
  1.9760000e+003  8.1357048e+001  2.4037325e+000  2.9545473e+004
  1.9780000e+003  8.5932168e+001  2.3552984e+000  2.7408809e+004
  1.9800000e+003  9.1438926e+001  2.2739519e+000  2.4868532e+004
  1.9820000e+003  8.8420963e+001  2.2678114e+000  2.5647893e+004
  1.9840000e+003  8.1571520e+001  2.2910483e+000  2.8086375e+004
  1.9860000e+003  8.2073323e+001  2.3061728e+000  2.8098933e+004
  1.9880000e+003  8.7178763e+001  2.3333009e+000  2.6764556e+004
  1.9900000e+003  8.0930180e+001  2.3674762e+000  2.9253317e+004
  1.9920000e+003  6.5399421e+001  2.3903764e+000  3.6550421e+004
  1.9940000e+003  6.8875906e+001  2.3333017e+000  3.3876893e+004
  1.9960000e+003  9.1113016e+001  2.1933074e+000  2.4072383e+004
  1.9980000e+003  9.6614410e+001  2.1170807e+000  2.1912681e+004
  2.0000000e+003  8.7700373e+001  2.1249182e+000  2.4229295e+004
  2.0020000e+003  9.1726283e+001  2.1233434e+000  2.3148691e+004
  2.0040000e+003  9.5102291e+001  2.1682676e+000  2.2799320e+004
  2.0060000e+003  8.3226092e+001  2.2778564e+000  2.7369498e+004
  2.0080000e+003  7.6997261e+001  2.3137323e+000  3.0049540e+004
  2.0100000e+003  7.9234286e+001  2.2894380e+000  2.8894537e+004
  2.0120000e+003  7.5084394e+001  2.3374711e+000  3.1131251e+004
  2.0140000e+003  7.7870883e+001  2.3487457e+000  3.0162053e+004
  2.0160000e+003  9.5313741e+001  2.1817431e+000  2.2890121e+004
  2.0180000e+003  1.0120438e+002  2.0683225e+000  2.0437085e+004
  2.0200000e+003  8.6805623e+001  2.2004122e+000  2.5348729e+004
  2.0220000e+003  7.8578547e+001  2.2969822e+000  2.9231671e+004
  2.0240000e+003  9.1076745e+001  2.1719563e+000  2.3847540e+004
  2.0260000e+003  1.0332766e+002  2.1104474e+000  2.0424806e+004
  2.0280000e+003  9.3822538e+001  2.2496771e+000  2.3978003e+004
  2.0300000e+003  7.9519495e+001  2.3395699e+000  2.9421337e+004
  2.0320000e+003  8.3678627e+001  2.2646071e+000  2.7063148e+004
  2.0340000e+003  9.1944963e+001  2.1604455e+000  2.3497160e+004
  2.0360000e+003  8.8528489e+001  2.1675535e+000  2.4484248e+004
  2.0380000e+003  8.5330450e+001  2.3008959e+000  2.6964535e+004
  2.0400000e+003  8.8044478e+001  2.3423588e+000  2.6604267e+004
  2.0420000e+003  8.8468785e+001  2.1523359e+000  2.4328761e+004
  2.0440000e+003  8.6422437e+001  2.0183395e+000  2.3354346e+004
  2.0460000e+003  8.6280105e+001  2.1329199e+000  2.4720877e+004
  2.0480000e+003  8.8671483e+001  2.2244073e+000  2.5085938e+004
  2.0500000e+003  9.1766800e+001  2.1226204e+000  2.3130592e+004
  2.0520000e+003  9.2092896e+001  1.9808376e+000  2.1509125e+004
  2.0540000e+003  8.9654448e+001  1.9244147e+000  2.1464799e+004
  2.0560000e+003  8.7706475e+001  1.9757343e+000  2.2526664e+004
  2.0580000e+003  8.6989095e+001  2.0726026e+000  2.3826005e+004
  2.0600000e+003  8.7823937e+001  2.1090271e+000  2.4014263e+004
  2.0620000e+003  8.9725605e+001  2.0661596e+000  2.3027536e+004
  2.0640000e+003  8.9711724e+001  1.9957549e+000  2.2246311e+004
  2.0660000e+003  8.8071622e+001  2.0200776e+000  2.2936759e+004
  2.0680000e+003  8.6656350e+001  2.1354916e+000  2.4643221e+004
  2.0700000e+003  8.4199553e+001  2.0941567e+000  2.4871352e+004
  2.0720000e+003  8.2518367e+001  1.9484569e+000  2.3612403e+004
  2.0740000e+003  8.6159064e+001  2.0129287e+000  2.3362936e+004
  2.0760000e+003  9.1478697e+001  2.1423991e+000  2.3419650e+004
  2.0780000e+003  8.9773627e+001  2.0795659e+000  2.3164553e+004
  2.0800000e+003  8.2333630e+001  2.0362230e+000  2.4731364e+004
  2.0820000e+003  7.9932059e+001  2.1348023e+000  2.6707711e+004
  2.0840000e+003  8.6014200e+001  2.1318767e+000  2.4785172e+004
  2.0860000e+003  9.1582697e+001  2.0427535e+000  2.2305016e+004
  2.0880000e+003  9.0462439e+001  2.1208924e+000  2.3445006e+004
  2.0900000e+003  8.8158930e+001  2.2268588e+000  2.5259594e+004
  2.0920000e+003  9.0197734e+001  2.0959804e+000  2.3237617e+004
  2.0940000e+003  9.3130357e+001  1.9240871e+000  2.0660150e+004
  2.0960000e+003  9.2342933e+001  1.9722301e+000  2.1357672e+004
  2.0980000e+003  8.9586814e+001  2.1313522e+000  2.3790914e+004
  2.1000000e+003  8.9068368e+001  2.2362989e+000  2.5107667e+004
  2.1020000e+003  9.0996083e+001  2.2526766e+000  2.4755753e+004
  2.1040000e+003  9.1673057e+001  2.1691072e+000  2.3661338e+004
  2.1060000e+003  8.9311848e+001  2.0597178e+000  2.3062089e+004
  2.1080000e+003  8.6219776e+001  2.0221559e+000  2.3453504e+004
  2.1100000e+003  8.4946706e+001  1.9505227e+000  2.2961723e+004
  2.1120000e+003  8.6582062e+001  1.7367679e+000  2.0059212e+004
  2.1140000e+003  8.9652385e+001  1.6429807e+000  1.8326124e+004
  2.1160000e+003  9.0210311e+001  1.9431432e+000  2.1540145e+004
  2.1180000e+003  8.7539722e+001  2.3424987e+000  2.6759266e+004
  2.1200000e+003  8.4013924e+001  2.4120430e+000  2.8710039e+004
  2.1220000e+003  8.2301530e+001  2.2593338e+000  2.7451905e+004
  2.1240000e+003  8.6782552e+001  2.1510722e+000  2.4786920e+004
  2.1260000e+003  9.4370451e+001  2.1254723e+000  2.2522646e+004
  2.1280000e+003  9.3371792e+001  2.2108883e+000  2.3678332e+004
  2.1300000e+003  8.6097375e+001  2.2874881e+000  2.6568616e+004
  2.1320000e+003  8.6636561e+001  2.1949108e+000  2.5334694e+004
  2.1340000e+003  9.2531591e+001  2.2033780e+000  2.3812170e+004
  2.1360000e+003  9.1723915e+001  2.4567353e+000  2.6784021e+004
  2.1380000e+003  8.7935206e+001  2.5495121e+000  2.8993076e+004
  2.1400000e+003  9.1302228e+001  2.3538595e+000  2.5780965e+004
  2.1420000e+003  9.7552717e+001  2.2136644e+000  2.2691981e+004
  2.1440000e+003  9.8279635e+001  2.2200161e+000  2.2588770e+004
  2.1460000e+003  9.8706595e+001  2.1890376e+000  2.2177217e+004
  2.1480000e+003  1.0536861e+002  2.0831305e+000  1.9769934e+004
  2.1500000e+003  1.1284542e+002  1.9790426e+000  1.7537642e+004
  2.1520000e+003  1.1340165e+002  1.9380241e+000  1.7089911e+004
  2.1540000e+003  1.0556917e+002  2.0085445e+000  1.9025862e+004
  2.1560000e+003  9.6076632e+001  2.1380276e+000  2.2253357e+004
  2.1580000e+003  8.8782145e+001  2.2352865e+000  2.5177208e+004
  2.1600000e+003  7.8838513e+001  2.2912464e+000  2.9062527e+004
  2.1620000e+003  7.3681770e+001  2.2653344e+000  3.0744842e+004
  2.1640000e+003  8.2755290e+001  2.1274972e+000  2.5708292e+004
  2.1660000e+003  9.1437437e+001  2.0112326e+000  2.1995724e+004
  2.1680000e+003  8.9180623e+001  2.0770650e+000  2.3290541e+004
  2.1700000e+003  8.7364456e+001  2.2610342e+000  2.5880482e+004
  2.1720000e+003  8.9414553e+001  2.2969353e+000  2.5688607e+004
  2.1740000e+003  8.6773871e+001  2.1315766e+000  2.4564729e+004
  2.1760000e+003  8.1571122e+001  2.0363757e+000  2.4964419e+004
  2.1780000e+003  8.2843661e+001  2.1056970e+000  2.5417720e+004
  2.1800000e+003  8.7896501e+001  2.1538464e+000  2.4504347e+004
  2.1820000e+003  8.7859214e+001  2.1302247e+000  2.4245888e+004
  2.1840000e+003  8.5675896e+001  2.1266532e+000  2.4822071e+004
  2.1860000e+003  9.0016061e+001  2.1000458e+000  2.3329679e+004
  2.1880000e+003  9.8164763e+001  1.9842294e+000  2.0213255e+004
  2.1900000e+003  1.0077493e+002  1.9518643e+000  1.9368550e+004
  2.1920000e+003  9.7359389e+001  2.1089614e+000  2.1661613e+004
  2.1940000e+003  9.3914881e+001  2.1717559e+000  2.3124726e+004
  2.1960000e+003  9.0262966e+001  2.0559544e+000  2.2777386e+004
  2.1980000e+003  8.5295672e+001  2.0970613e+000  2.4585788e+004
  2.2000000e+003  8.5300433e+001  2.2398550e+000  2.6258425e+004
  2.2020000e+003  8.9236725e+001  2.2092743e+000  2.4757456e+004
  2.2040000e+003  8.6975038e+001  2.2414063e+000  2.5770685e+004
  2.2060000e+003  8.4153507e+001  2.3696120e+000  2.8158209e+004
  2.2080000e+003  9.3163994e+001  2.1267788e+000  2.2828334e+004
  2.2100000e+003  1.0282200e+002  1.7106666e+000  1.6637165e+004
  2.2120000e+003  9.8784003e+001  1.7406790e+000  1.7621062e+004
  2.2140000e+003  8.9243101e+001  1.9614059e+000  2.1978236e+004
  2.2160000e+003  8.3184683e+001  1.9091005e+000  2.2950145e+004
  2.2180000e+003  8.1548173e+001  1.9256641e+000  2.3613823e+004
  2.2200000e+003  8.5377717e+001  2.2014099e+000  2.5784361e+004
  2.2220000e+003  8.7199176e+001  2.2911616e+000  2.6275037e+004
  2.2240000e+003  8.2104510e+001  2.1564264e+000  2.6264409e+004
  2.2260000e+003  7.9899378e+001  2.1636362e+000  2.7079512e+004
  2.2280000e+003  8.2092539e+001  2.2971778e+000  2.7982784e+004
  2.2300000e+003  8.0003625e+001  2.3664066e+000  2.9578742e+004
  2.2320000e+003  8.1841251e+001  2.2830418e+000  2.7895979e+004
  2.2340000e+003  9.8690698e+001  2.0432451e+000  2.0703523e+004
  2.2360000e+003  1.1074591e+002  1.9312868e+000  1.7438900e+004
  2.2380000e+003  9.9690750e+001  2.0762038e+000  2.0826444e+004
  2.2400000e+003  9.0108723e+001  2.1039568e+000  2.3349091e+004
  2.2420000e+003  9.8908214e+001  1.9954425e+000  2.0174689e+004
  2.2440000e+003  1.0028360e+002  2.1431355e+000  2.1370748e+004
  2.2460000e+003  8.4965814e+001  2.3386820e+000  2.7524976e+004
  2.2480000e+003  7.6142970e+001  2.1883137e+000  2.8739537e+004
  2.2500000e+003  7.9458331e+001  2.0086709e+000  2.5279551e+004
  2.2520000e+003  8.4199768e+001  2.0564455e+000  2.4423411e+004
  2.2540000e+003  9.0555066e+001  1.9817672e+000  2.1884664e+004
  2.2560000e+003  9.6182817e+001  1.8167018e+000  1.8888008e+004
  2.2580000e+003  9.1477385e+001  2.0597808e+000  2.2516831e+004
  2.2600000e+003  8.3696059e+001  2.5069536e+000  2.9953066e+004
  2.2620000e+003  8.7301808e+001  2.5062023e+000  2.8707336e+004
  2.2640000e+003  9.2593963e+001  2.1967148e+000  2.3724169e+004
  2.2660000e+003  8.5299338e+001  2.1445605e+000  2.5141584e+004
  2.2680000e+003  7.7122993e+001  2.2870267e+000  2.9654278e+004
  2.2700000e+003  7.8145405e+001  2.3343278e+000  2.9871594e+004
  2.2720000e+003  7.8306905e+001  2.3702444e+000  3.0268651e+004
  2.2740000e+003  7.9287053e+001  2.3550550e+000  2.9702895e+004
  2.2760000e+003  9.3529345e+001  2.0612362e+000  2.2038390e+004
  2.2780000e+003  1.0868717e+002  1.7436794e+000  1.6043102e+004
  2.2800000e+003  1.0284908e+002  1.8566490e+000  1.8052169e+004
  2.2820000e+003  8.7886808e+001  2.1646561e+000  2.4630046e+004
  2.2840000e+003  8.8383003e+001  2.1205119e+000  2.3992304e+004
  2.2860000e+003  9.0785051e+001  1.9178922e+000  2.1125639e+004
  2.2880000e+003  7.8053098e+001  2.0609038e+000  2.6403869e+004
  2.2900000e+003  7.3761366e+001  2.3142910e+000  3.1375382e+004
  2.2920000e+003  8.0293914e+001  2.3210762e+000  2.8907249e+004
  2.2940000e+003  7.6213101e+001  2.3107237e+000  3.0319245e+004
  2.2960000e+003  9.2606732e+001  2.2274278e+000  2.4052547e+004
  2.2980000e+003  1.3494112e+002  1.8233582e+000  1.3512250e+004
  2.3000000e+003  1.3163231e+002  1.6445221e+000  1.2493301e+004
  2.3020000e+003  8.5992101e+001  2.0328448e+000  2.3639902e+004
  2.3040000e+003  7.3328561e+001  2.3287093e+000  3.1757193e+004
  2.3060000e+003  8.5171512e+001  2.2369287e+000  2.6263813e+004
  2.3080000e+003  7.8486945e+001  2.1950533e+000  2.7967114e+004
  2.3100000e+003  7.1569267e+001  2.2827648e+000  3.1895881e+004
  2.3120000e+003  8.1199278e+001  2.2427730e+000  2.7620603e+004
  2.3140000e+003  8.6593702e+001  2.0953453e+000  2.4197433e+004
  2.3160000e+003  7.9992245e+001  2.0290214e+000  2.5365226e+004
  2.3180000e+003  7.4834548e+001  2.1866053e+000  2.9219196e+004
  2.3200000e+003  7.6250857e+001  2.4359733e+000  3.1946832e+004
  2.3220000e+003  8.0961996e+001  2.3228031e+000  2.8690042e+004
  2.3240000e+003  8.3813588e+001  1.9812042e+000  2.3638222e+004
  2.3260000e+003  7.9708774e+001  2.1244215e+000  2.6652292e+004
  2.3280000e+003  7.7011865e+001  2.5339883e+000  3.2903869e+004
  2.3300000e+003  8.1584584e+001  2.4491159e+000  3.0019347e+004
  2.3320000e+003  8.1687781e+001  2.0840362e+000  2.5512215e+004
  2.3340000e+003  8.4881699e+001  1.9300009e+000  2.2737539e+004
  2.3360000e+003  1.0541052e+002  1.8889227e+000  1.7919679e+004
  2.3380000e+003  1.1534064e+002  1.9258783e+000  1.6697309e+004
  2.3400000e+003  9.6375547e+001  2.0987996e+000  2.1777304e+004
  2.3420000e+003  7.7656587e+001  2.2217375e+000  2.8609775e+004
  2.3440000e+003  7.1751204e+001  2.2893008e+000  3.1906096e+004
  2.3460000e+003  7.1907856e+001  2.3389552e+000  3.2527116e+004
  2.3480000e+003  8.5661600e+001  2.1837583e+000  2.5492850e+004
  2.3500000e+003  9.8171906e+001  2.0305825e+000  2.0683947e+004
  2.3520000e+003  8.5803068e+001  2.1958100e+000  2.5591276e+004
  2.3540000e+003  7.3392179e+001  2.2989946e+000  3.1324790e+004
  2.3560000e+003  8.8369609e+001  2.0614677e+000  2.3327790e+004
  2.3580000e+003  1.0359978e+002  1.9185063e+000  1.8518440e+004
  2.3600000e+003  9.3314672e+001  2.0819997e+000  2.2311601e+004
  2.3620000e+003  7.8424245e+001  2.2585794e+000  2.8799505e+004
  2.3640000e+003  7.7044713e+001  2.3154953e+000  3.0053916e+004
  2.3660000e+003  7.9447139e+001  2.3363456e+000  2.9407549e+004
  2.3680000e+003  8.1689993e+001  2.3331978e+000  2.8561611e+004
  2.3700000e+003  8.8667021e+001  2.2616804e+000  2.5507572e+004
  2.3720000e+003  9.4311304e+001  2.1698257e+000  2.3007059e+004
  2.3740000e+003  8.9708350e+001  2.2461166e+000  2.5037988e+004
  2.3760000e+003  7.9551822e+001  2.5054279e+000  3.1494287e+004
  2.3780000e+003  7.7266317e+001  2.5810579e+000  3.3404697e+004
  2.3800000e+003  8.4084123e+001  2.3502684e+000  2.7951393e+004
  2.3820000e+003  8.6574742e+001  2.2399393e+000  2.5872896e+004
  2.3840000e+003  8.1746520e+001  2.3252574e+000  2.8444726e+004
  2.3860000e+003  7.9460966e+001  2.2314740e+000  2.8082644e+004
  2.3880000e+003  8.1011724e+001  2.0802591e+000  2.5678494e+004
  2.3900000e+003  8.2757158e+001  2.1438404e+000  2.5905196e+004
  2.3920000e+003  8.2924821e+001  2.2214481e+000  2.6788699e+004
  2.3940000e+003  7.9493316e+001  2.2351593e+000  2.8117575e+004
  2.3960000e+003  8.1041326e+001  2.3053611e+000  2.8446735e+004
  2.3980000e+003  9.0460673e+001  2.3571737e+000  2.6057442e+004
  2.4000000e+003  8.8406285e+001  2.4114508e+000  2.7276916e+004
  2.4020000e+003  7.4901874e+001  2.4935676e+000  3.3291124e+004
  2.4040000e+003  7.2996669e+001  2.4397297e+000  3.3422480e+004
  2.4060000e+003  7.7555892e+001  2.3552943e+000  3.0368992e+004
  2.4080000e+003  7.6865428e+001  2.3385323e+000  3.0423721e+004
  2.4100000e+003  8.5775165e+001  2.1235767e+000  2.4757477e+004
  2.4120000e+003  9.8087870e+001  1.8892880e+000  1.9261179e+004
  2.4140000e+003  8.8895628e+001  2.0903754e+000  2.3514940e+004
  2.4160000e+003  7.4626182e+001  2.3856488e+000  3.1967987e+004
  2.4180000e+003  7.9185885e+001  2.3164978e+000  2.9253923e+004
  2.4200000e+003  8.5327407e+001  2.2090513e+000  2.5889118e+004
  2.4220000e+003  8.1878404e+001  2.3103483e+000  2.8216821e+004
  2.4240000e+003  8.3112088e+001  2.3260800e+000  2.7987265e+004
  2.4260000e+003  8.5328820e+001  2.2229921e+000  2.6052067e+004
  2.4280000e+003  7.8733536e+001  2.2417259e+000  2.8472313e+004
  2.4300000e+003  7.9066822e+001  2.2387589e+000  2.8314770e+004
  2.4320000e+003  9.1725595e+001  2.0650251e+000  2.2513074e+004
  2.4340000e+003  9.4698316e+001  2.0157237e+000  2.1285740e+004
  2.4360000e+003  8.7066974e+001  2.1491095e+000  2.4683406e+004
  2.4380000e+003  8.5867943e+001  2.1858268e+000  2.5455679e+004
  2.4400000e+003  8.4317944e+001  2.2262815e+000  2.6403413e+004
  2.4420000e+003  8.1477960e+001  2.3233179e+000  2.8514679e+004
  2.4440000e+003  9.2197589e+001  2.1605594e+000  2.3434012e+004
  2.4460000e+003  9.9623632e+001  1.9759558e+000  1.9834208e+004
  2.4480000e+003  8.7661481e+001  2.1747329e+000  2.4808307e+004
  2.4500000e+003  7.7197827e+001  2.3849642e+000  3.0894188e+004
  2.4520000e+003  7.5377965e+001  2.3790258e+000  3.1561290e+004
  2.4540000e+003  7.6902969e+001  2.3503473e+000  3.0562504e+004
  2.4560000e+003  8.8790311e+001  2.1255219e+000  2.3938669e+004
  2.4580000e+003  9.5853068e+001  1.8613198e+000  1.9418469e+004
  2.4600000e+003  8.3424002e+001  2.0681575e+000  2.4790917e+004
  2.4620000e+003  7.6685848e+001  2.2993534e+000  2.9984064e+004
  2.4640000e+003  8.7142536e+001  2.0371353e+000  2.3377049e+004
  2.4660000e+003  9.0865510e+001  1.9035391e+000  2.0948973e+004
  2.4680000e+003  8.8159607e+001  2.1137814e+000  2.3976756e+004
  2.4700000e+003  9.8736520e+001  1.9959628e+000  2.0215041e+004
  2.4720000e+003  1.0622328e+002  1.7736905e+000  1.6697757e+004
  2.4740000e+003  9.2987830e+001  2.0297210e+000  2.1827813e+004
  2.4760000e+003  7.9365264e+001  2.2566446e+000  2.8433656e+004
  2.4780000e+003  7.8106740e+001  2.0958874e+000  2.6833630e+004
  2.4800000e+003  9.1574390e+001  1.9845301e+000  2.1671235e+004
  2.4820000e+003  1.1908020e+002  2.0094127e+000  1.6874448e+004
  2.4840000e+003  1.2280439e+002  2.0203045e+000  1.6451403e+004
  2.4860000e+003  9.0058038e+001  2.1029698e+000  2.3351273e+004
  2.4880000e+003  7.2321543e+001  2.1887085e+000  3.0263576e+004
  2.4900000e+003  7.9502278e+001  2.1886334e+000  2.7529191e+004
  2.4920000e+003  7.4477828e+001  2.2197999e+000  2.9804842e+004
  2.4940000e+003  7.2740357e+001  2.2224008e+000  3.0552514e+004
  2.4960000e+003  9.6151673e+001  2.0691205e+000  2.1519340e+004
  2.4980000e+003  1.0332764e+002  1.9793723e+000  1.9156271e+004
  2.5000000e+003  7.8629071e+001  2.1106583e+000  2.6843231e+004
  2.5020000e+003  7.0148581e+001  2.2182099e+000  3.1621593e+004
  2.5040000e+003  8.8087578e+001  2.1670507e+000  2.4601093e+004
  2.5060000e+003  9.5560257e+001  2.1037238e+000  2.2014631e+004
  2.5080000e+003  8.6315607e+001  2.1362839e+000  2.4749683e+004
  2.5100000e+003  7.5660146e+001  2.2778344e+000  3.0106133e+004
  2.5120000e+003  7.4517640e+001  2.3377957e+000  3.1372380e+004
  2.5140000e+003  9.2165493e+001  2.1246561e+000  2.3052620e+004
  2.5160000e+003  1.0720122e+002  1.9392223e+000  1.8089554e+004
  2.5180000e+003  9.3253646e+001  2.0440650e+000  2.1919411e+004
  2.5200000e+003  7.5571351e+001  2.1456464e+000  2.8392326e+004
  2.5220000e+003  8.0370812e+001  2.0950025e+000  2.6066708e+004
  2.5240000e+003  8.5345006e+001  2.1466962e+000  2.5153155e+004
  2.5260000e+003  7.5748544e+001  2.3183236e+000  3.0605520e+004
  2.5280000e+003  7.7401516e+001  2.2748929e+000  2.9390805e+004
  2.5300000e+003  9.8592448e+001  1.9913944e+000  2.0198245e+004
  2.5320000e+003  1.0501771e+002  1.9209099e+000  1.8291295e+004
  2.5340000e+003  8.7264330e+001  2.1387017e+000  2.4508315e+004
  2.5360000e+003  7.5719619e+001  2.2306055e+000  2.9458752e+004
  2.5380000e+003  7.7551486e+001  2.1593802e+000  2.7844472e+004
  2.5400000e+003  7.8109400e+001  2.1625990e+000  2.7686796e+004
  2.5420000e+003  7.4963051e+001  2.2157336e+000  2.9557676e+004
  2.5440000e+003  7.4087269e+001  2.1856724e+000  2.9501322e+004
  2.5460000e+003  8.1161264e+001  2.0737420e+000  2.5550883e+004
  2.5480000e+003  8.7913397e+001  2.0672139e+000  2.3514208e+004
  2.5500000e+003  8.3045722e+001  2.2362137e+000  2.6927500e+004
  2.5520000e+003  7.7402679e+001  2.3204479e+000  2.9978909e+004
  2.5540000e+003  7.9788737e+001  2.2404605e+000  2.8079909e+004
  2.5560000e+003  8.2634933e+001  2.2218557e+000  2.6887608e+004
  2.5580000e+003  8.1853468e+001  2.2647038e+000  2.7667781e+004
  2.5600000e+003  7.6811957e+001  2.2218069e+000  2.8925274e+004
  2.5620000e+003  7.2571306e+001  2.1579674e+000  2.9735821e+004
  2.5640000e+003  7.5838539e+001  2.1559818e+000  2.8428578e+004
  2.5660000e+003  7.8007527e+001  2.1256353e+000  2.7249105e+004
  2.5680000e+003  7.3562402e+001  2.0516429e+000  2.7889830e+004
  2.5700000e+003  7.0332328e+001  2.1060248e+000  2.9943909e+004
  2.5720000e+003  7.1665035e+001  2.2744720e+000  3.1737541e+004
  2.5740000e+003  7.9044065e+001  2.2804867e+000  2.8850828e+004
  2.5760000e+003  8.7039435e+001  2.1103988e+000  2.4246467e+004
  2.5780000e+003  8.2413562e+001  2.0464896e+000  2.4831952e+004
  2.5800000e+003  7.2506473e+001  2.1506187e+000  2.9661058e+004
  2.5820000e+003  7.2443741e+001  2.2379999e+000  3.0892937e+004
  2.5840000e+003  7.5454778e+001  2.2079459e+000  2.9261843e+004
  2.5860000e+003  7.3771085e+001  2.1436323e+000  2.9057893e+004
  2.5880000e+003  7.2865915e+001  2.1446604e+000  2.9432972e+004
  2.5900000e+003  7.4568173e+001  2.1526635e+000  2.8868395e+004
  2.5920000e+003  7.5161170e+001  2.0991318e+000  2.7928408e+004
  2.5940000e+003  7.4065800e+001  2.0576230e+000  2.7781014e+004
  2.5960000e+003  7.3478451e+001  2.0802454e+000  2.8310959e+004
  2.5980000e+003  7.4558365e+001  2.1554306e+000  2.8909306e+004
  2.6000000e+003  7.6152863e+001  2.2641541e+000  2.9731700e+004
  2.6020000e+003  7.7297777e+001  2.3105242e+000  2.9891211e+004
  2.6040000e+003  7.8334039e+001  2.2705108e+000  2.8984983e+004
  2.6060000e+003  7.8788557e+001  2.2552392e+000  2.8623943e+004
  2.6080000e+003  7.8645599e+001  2.2396922e+000  2.8478290e+004
  2.6100000e+003  7.8751219e+001  2.1847859e+000  2.7742884e+004
  2.6120000e+003  7.7223398e+001  2.2550083e+000  2.9201102e+004
  2.6140000e+003  7.3470100e+001  2.4226771e+000  3.2975008e+004
  2.6160000e+003  7.2294956e+001  2.4017049e+000  3.3220919e+004
  2.6180000e+003  7.4332770e+001  2.2213258e+000  2.9883533e+004
  2.6200000e+003  7.3780922e+001  2.1643888e+000  2.9335345e+004
  2.6220000e+003  7.1534478e+001  2.2374204e+000  3.1277511e+004
  2.6240000e+003  7.4188064e+001  2.2965976e+000  3.0956430e+004
  2.6260000e+003  7.9542235e+001  2.3491420e+000  2.9533266e+004
  2.6280000e+003  8.0056952e+001  2.4099833e+000  3.0103361e+004
  2.6300000e+003  7.7490244e+001  2.4245694e+000  3.1288705e+004
  2.6320000e+003  7.7924599e+001  2.4004133e+000  3.0804307e+004
  2.6340000e+003  7.9371041e+001  2.3942968e+000  3.0165874e+004
  2.6360000e+003  7.8361308e+001  2.4270498e+000  3.0972553e+004
  2.6380000e+003  7.6076389e+001  2.4812267e+000  3.2614938e+004
  2.6400000e+003  7.3027681e+001  2.4389472e+000  3.3397572e+004
  2.6420000e+003  7.1500005e+001  2.1790050e+000  3.0475592e+004
  2.6440000e+003  7.3577649e+001  1.9666123e+000  2.6728393e+004
  2.6460000e+003  7.4500638e+001  2.1555405e+000  2.8933182e+004
  2.6480000e+003  7.3637886e+001  2.4378348e+000  3.3105714e+004
  2.6500000e+003  7.5808569e+001  2.3973864e+000  3.1624214e+004
  2.6520000e+003  7.7366284e+001  2.3113303e+000  2.9875162e+004
  2.6540000e+003  7.4549634e+001  2.4319435e+000  3.2621803e+004
  2.6560000e+003  7.3321796e+001  2.5165092e+000  3.4321434e+004
  2.6580000e+003  7.6387266e+001  2.4737065e+000  3.2383755e+004
  2.6600000e+003  7.8165393e+001  2.4216250e+000  3.0980782e+004
  2.6620000e+003  7.6595757e+001  2.3467972e+000  3.0638736e+004
  2.6640000e+003  7.6152229e+001  2.2811253e+000  2.9954807e+004
  2.6660000e+003  7.7694167e+001  2.3196818e+000  2.9856576e+004
  2.6680000e+003  7.7274954e+001  2.3984279e+000  3.1037584e+004
  2.6700000e+003  7.5438289e+001  2.4082246e+000  3.1923107e+004
  2.6720000e+003  7.5019703e+001  2.3800144e+000  3.1725191e+004
  2.6740000e+003  7.4434978e+001  2.3974519e+000  3.2208673e+004
  2.6760000e+003  7.2752958e+001  2.4394892e+000  3.3531134e+004
  2.6780000e+003  7.2179522e+001  2.4432620e+000  3.3849795e+004
  2.6800000e+003  7.2825090e+001  2.4448624e+000  3.3571704e+004
  2.6820000e+003  7.3176562e+001  2.4733519e+000  3.3799783e+004
  2.6840000e+003  7.2953005e+001  2.4921330e+000  3.4160800e+004
  2.6860000e+003  7.2114941e+001  2.5255696e+000  3.5021447e+004
  2.6880000e+003  7.1352528e+001  2.5267965e+000  3.5412852e+004
  2.6900000e+003  7.2484885e+001  2.3924741e+000  3.3006524e+004
  2.6920000e+003  7.4439789e+001  2.2884620e+000  3.0742457e+004
  2.6940000e+003  7.4236565e+001  2.3714897e+000  3.1945035e+004
  2.6960000e+003  7.3651375e+001  2.4880642e+000  3.3781640e+004
  2.6980000e+003  7.4781011e+001  2.5164161e+000  3.3650469e+004
  2.7000000e+003  7.3818172e+001  2.3598108e+000  3.1967885e+004
  2.7020000e+003  7.0695215e+001  1.9958303e+000  2.8231476e+004
  2.7040000e+003  7.0984231e+001  1.8470491e+000  2.6020555e+004
  2.7060000e+003  7.3010188e+001  2.1483413e+000  2.9425226e+004
  2.7080000e+003  7.2181155e+001  2.3980101e+000  3.3222108e+004
  2.7100000e+003  7.1504805e+001  2.2488954e+000  3.1450969e+004
  2.7120000e+003  7.3078688e+001  2.0591423e+000  2.8177056e+004
  2.7140000e+003  7.4426635e+001  2.1925496e+000  2.9459206e+004
  2.7160000e+003  7.5149412e+001  2.4508707e+000  3.2613305e+004
  2.7180000e+003  7.4562077e+001  2.4557315e+000  3.2935396e+004
  2.7200000e+003  7.2215164e+001  2.2914990e+000  3.1731549e+004
  2.7220000e+003  7.0833083e+001  2.2725462e+000  3.2083119e+004
  2.7240000e+003  7.0465451e+001  2.3242311e+000  3.2983981e+004
  2.7260000e+003  7.0962478e+001  2.2729924e+000  3.2030905e+004
  2.7280000e+003  7.5159255e+001  2.2937887e+000  3.0519045e+004
  2.7300000e+003  7.8600670e+001  2.4694644e+000  3.1417854e+004
  2.7320000e+003  7.4179127e+001  2.5481589e+000  3.4351427e+004
  2.7340000e+003  6.7998161e+001  2.4906406e+000  3.6628058e+004
  2.7360000e+003  7.0829470e+001  2.5309949e+000  3.5733642e+004
  2.7380000e+003  8.0008194e+001  2.6210666e+000  3.2759977e+004
  2.7400000e+003  8.3153678e+001  2.5729167e+000  3.0941707e+004
  2.7420000e+003  7.6598157e+001  2.5303437e+000  3.3034002e+004
  2.7440000e+003  7.0260914e+001  2.6056722e+000  3.7085658e+004
  2.7460000e+003  7.1319827e+001  2.5978041e+000  3.6424711e+004
  2.7480000e+003  7.4987437e+001  2.5056148e+000  3.3413794e+004
  2.7500000e+003  7.5246897e+001  2.5311657e+000  3.3638141e+004
  2.7520000e+003  7.2830940e+001  2.6001413e+000  3.5701054e+004
  2.7540000e+003  7.0990321e+001  2.5899748e+000  3.6483492e+004
  2.7560000e+003  7.0553525e+001  2.5833639e+000  3.6615660e+004
  2.7580000e+003  7.0540004e+001  2.5742751e+000  3.6493833e+004
  2.7600000e+003  7.0561823e+001  2.5015761e+000  3.5452260e+004
  2.7620000e+003  7.0382821e+001  2.4682849e+000  3.5069423e+004
  2.7640000e+003  6.9807680e+001  2.4991112e+000  3.5799946e+004
  2.7660000e+003  6.9794291e+001  2.4662051e+000  3.5335341e+004
  2.7680000e+003  7.0755363e+001  2.4004059e+000  3.3925427e+004
  2.7700000e+003  7.1458723e+001  2.4176560e+000  3.3832902e+004
  2.7720000e+003  7.1308188e+001  2.4732854e+000  3.4684452e+004
  2.7740000e+003  7.1197822e+001  2.5039593e+000  3.5169044e+004
  2.7760000e+003  7.1243532e+001  2.5407840e+000  3.5663364e+004
  2.7780000e+003  7.0357726e+001  2.5694933e+000  3.6520414e+004
  2.7800000e+003  6.9730866e+001  2.5232315e+000  3.6185288e+004
  2.7820000e+003  7.1494661e+001  2.4437561e+000  3.4180959e+004
  2.7840000e+003  7.3004671e+001  2.4543605e+000  3.3619226e+004
  2.7860000e+003  7.2111546e+001  2.5391146e+000  3.5210930e+004
  2.7880000e+003  7.2195187e+001  2.5692193e+000  3.5587127e+004
  2.7900000e+003  7.1646595e+001  2.5538325e+000  3.5644855e+004
  2.7920000e+003  6.7823593e+001  2.5765082e+000  3.7988377e+004
  2.7940000e+003  7.2545015e+001  2.5587642e+000  3.5271399e+004
  2.7960000e+003  9.2543683e+001  2.4408267e+000  2.6374860e+004
  2.7980000e+003  1.0934407e+002  2.3891703e+000  2.1850022e+004
  2.8000000e+003  1.0689015e+002  2.4456118e+000  2.2879674e+004
  2.8020000e+003  9.5016603e+001  2.4130273e+000  2.5395849e+004
  2.8040000e+003  8.6870736e+001  2.3574384e+000  2.7137314e+004
  2.8060000e+003  7.7354543e+001  2.5078746e+000  3.2420521e+004
  2.8080000e+003  6.1202932e+001  2.7171465e+000  4.4395692e+004
  2.8100000e+003  4.9209366e+001  2.7602136e+000  5.6091225e+004
  2.8120000e+003  5.1059848e+001  2.7176120e+000  5.3224052e+004
  2.8140000e+003  5.9653326e+001  2.6985099e+000  4.5236537e+004
  2.8160000e+003  5.9419477e+001  2.7025416e+000  4.5482420e+004
  2.8180000e+003  5.5752497e+001  2.6657905e+000  4.7814728e+004
  2.8200000e+003  7.2961603e+001  2.5412821e+000  3.4830404e+004
  2.8220000e+003  9.3629984e+001  2.4804848e+000  2.6492419e+004
  2.8240000e+003  8.4149047e+001  2.5088510e+000  2.9814372e+004
  2.8260000e+003  7.6478165e+001  2.3917534e+000  3.1273677e+004
  2.8280000e+003  9.2263636e+001  2.2843172e+000  2.4758586e+004
  2.8300000e+003  8.8531408e+001  2.4738183e+000  2.7942832e+004
  2.8320000e+003  6.6867916e+001  2.6611856e+000  3.9797645e+004
  2.8340000e+003  6.2796441e+001  2.6192492e+000  4.1710154e+004
  2.8360000e+003  6.3923216e+001  2.5772099e+000  4.0317275e+004
  2.8380000e+003  6.8584462e+001  2.5483585e+000  3.7156499e+004
  2.8400000e+003  8.5577699e+001  2.4777442e+000  2.8953153e+004
  2.8420000e+003  8.1076505e+001  2.5398589e+000  3.1326694e+004
  2.8440000e+003  6.2419896e+001  2.6440254e+000  4.2358696e+004
  2.8460000e+003  7.9420904e+001  2.5820712e+000  3.2511229e+004
  2.8480000e+003  1.0043352e+002  2.5129173e+000  2.5020703e+004
  2.8500000e+003  7.5859958e+001  2.5699249e+000  3.3877225e+004
  2.8520000e+003  6.2683540e+001  2.5891831e+000  4.1305630e+004
  2.8540000e+003  1.1456026e+002  2.4942304e+000  2.1772213e+004
  2.8560000e+003  1.6599447e+002  2.3816618e+000  1.4347838e+004
  2.8580000e+003  1.5223172e+002  2.3163305e+000  1.5215820e+004
  2.8600000e+003  1.1194914e+002  2.3311943e+000  2.0823691e+004
  2.8620000e+003  9.2416046e+001  2.4161678e+000  2.6144462e+004
  2.8640000e+003  8.2254404e+001  2.4740791e+000  3.0078379e+004
  2.8660000e+003  7.6818487e+001  2.4314841e+000  3.1652330e+004
  2.8680000e+003  8.8209020e+001  2.3703590e+000  2.6872070e+004
  2.8700000e+003  8.6198460e+001  2.4436956e+000  2.8349643e+004
  2.8720000e+003  4.9459588e+001  2.5963890e+000  5.2495160e+004
  2.8740000e+003  3.4904196e+001  2.6197655e+000  7.5055890e+004
  2.8760000e+003  7.6445139e+001  2.5323811e+000  3.3126777e+004
  2.8780000e+003  1.0999972e+002  2.5027755e+000  2.2752562e+004
